           0           0          -1
          -1           0          -1
           0           0          -1
           1           0          -1
           0           0          -1
           0          -1          -1
           1          -1          -1
           1          -2          -1
           1          -1          -1
           0          -1          -1
           0          -1           0
           0           0           0
           1           0           0
           1          -1           0
           1          -2           0
           0          -2           0
           0          -2          -1
           0          -3          -1
           1          -3          -1
           1          -3           0
           1          -4           0
           1          -4          -1
           0          -4          -1
           0          -5          -1
           1          -5          -1
           2          -5          -1
           2          -5          -2
           3          -5          -2
           2          -5          -2
           3          -5          -2
           3          -6          -2
           4          -6          -2
           5          -6          -2
           5          -5          -2
           4          -5          -2
           4          -5          -3
           4          -4          -3
           4          -4          -4
           4          -4          -3
           3          -4          -3
           2          -4          -3
           2          -4          -4
           2          -4          -5
           2          -5          -5
           1          -5          -5
           1          -4          -5
           0          -4          -5
           0          -4          -6
           1          -4          -6
           1          -3          -6
           0          -3          -6
           0          -3          -5
           0          -3          -4
           0          -3          -3
           1          -3          -3
           0          -3          -3
           0          -4          -3
           1          -4          -3
           2          -4          -3
           2          -4          -2
           2          -4          -1
           2          -4          -2
           1          -4          -2
           1          -4          -1
           0          -4          -1
           1          -4          -1
           1          -3          -1
           1          -4          -1
           0          -4          -1
           0          -4           0
           0          -3           0
           0          -4           0
           0          -4           1
          -1          -4           1
           0          -4           1
          -1          -4           1
          -2          -4           1
          -2          -3           1
          -2          -3           0
          -1          -3           0
          -1          -3          -1
           0          -3          -1
           0          -4          -1
           0          -4           0
           0          -4          -1
           0          -5          -1
           0          -6          -1
           0          -6           0
          -1          -6           0
          -1          -7           0
          -1          -8           0
          -1          -8          -1
          -1          -7          -1
          -1          -7          -2
          -1          -8          -2
          -1          -8          -1
          -1          -8          -2
          -2          -8          -2
          -2          -9          -2
          -2          -9          -3
          -2         -10          -3
          -2         -10          -4
          -1         -10          -4
          -1          -9          -4
          -1         -10          -4
          -1         -10          -3
          -1         -11          -3
          -2         -11          -3
          -2         -10          -3
          -3         -10          -3
          -3          -9          -3
          -3          -9          -2
          -3          -9          -3
          -4          -9          -3
          -5          -9          -3
          -6          -9          -3
          -5          -9          -3
          -5         -10          -3
          -5          -9          -3
          -5          -8          -3
          -6          -8          -3
          -5          -8          -3
          -5          -8          -2
          -5          -8          -1
          -5          -9          -1
          -5          -8          -1
          -6          -8          -1
          -6          -9          -1
          -6          -9          -2
          -5          -9          -2
          -5          -8          -2
          -5          -8          -1
          -5          -7          -1
          -6          -7          -1
          -6          -8          -1
          -6          -9          -1
          -7          -9          -1
          -6          -9          -1
          -6         -10          -1
          -6          -9          -1
          -5          -9          -1
          -5          -9          -2
          -5          -8          -2
          -5          -8          -1
          -5          -8           0
          -4          -8           0
          -3          -8           0
          -2          -8           0
          -2          -8           1
          -1          -8           1
          -1          -7           1
          -1          -8           1
          -2          -8           1
          -2          -8           0
          -3          -8           0
          -3          -9           0
          -2          -9           0
          -2         -10           0
          -3         -10           0
          -3         -10          -1
          -2         -10          -1
          -1         -10          -1
          -2         -10          -1
          -2          -9          -1
          -2          -9           0
          -1          -9           0
           0          -9           0
          -1          -9           0
          -1         -10           0
          -1          -9           0
          -1          -9           1
          -1          -9           0
          -1          -9           1
          -1         -10           1
          -1         -10           0
          -2         -10           0
          -1         -10           0
          -1          -9           0
           0          -9           0
           0          -9          -1
           0         -10          -1
           0         -10           0
           0         -11           0
           0         -11           1
           0         -10           1
           1         -10           1
           1         -10           0
           1         -10          -1
           1          -9          -1
           1         -10          -1
           2         -10          -1
           2         -10           0
           2          -9           0
           1          -9           0
           1          -9           1
           1         -10           1
           2         -10           1
           2         -11           1
           2         -10           1
           2         -11           1
           2         -11           2
           2         -11           1
           3         -11           1
           3         -11           2
           3         -11           1
           4         -11           1
           4         -11           2
           4         -11           1
           4         -11           2
           3         -11           2
           3         -11           1
           3         -10           1
           3         -10           0
           3         -10          -1
           3         -10          -2
           4         -10          -2
           4         -10          -1
           4         -10           0
           4          -9           0
           4         -10           0
           4         -10           1
           5         -10           1
           5         -11           1
           5         -11           0
           6         -11           0
           6         -11          -1
           6         -11           0
           6         -10           0
           6         -10          -1
           7         -10          -1
           7         -11          -1
           7         -11           0
           7         -10           0
           7         -11           0
           7         -12           0
           8         -12           0
           8         -13           0
           8         -14           0
           8         -14           1
           8         -13           1
           7         -13           1
           7         -14           1
           7         -15           1
           8         -15           1
           8         -16           1
           8         -16           2
           9         -16           2
           9         -16           3
           9         -16           4
           9         -16           5
           9         -16           4
           9         -15           4
          10         -15           4
          10         -15           5
          10         -15           6
          10         -16           6
          11         -16           6
          12         -16           6
          12         -15           6
          11         -15           6
          12         -15           6
          12         -14           6
          12         -14           5
          13         -14           5
          13         -14           6
          12         -14           6
          12         -14           5
          12         -14           4
          11         -14           4
          11         -15           4
          10         -15           4
          10         -15           5
          10         -15           4
           9         -15           4
           8         -15           4
           8         -16           4
           8         -15           4
           8         -15           5
           8         -15           6
           8         -15           5
           9         -15           5
           9         -14           5
           9         -15           5
           9         -15           4
           9         -15           5
           9         -15           6
           9         -15           5
           9         -15           4
           9         -15           5
           9         -15           4
           9         -15           3
          10         -15           3
          10         -16           3
          10         -16           4
          10         -17           4
          10         -17           3
          10         -17           2
          10         -17           3
          10         -18           3
          10         -17           3
           9         -17           3
           8         -17           3
           8         -18           3
           9         -18           3
           9         -18           4
           8         -18           4
           8         -19           4
           8         -18           4
           8         -19           4
           8         -19           5
           7         -19           5
           7         -19           4
           7         -19           5
           7         -19           6
           7         -20           6
           7         -21           6
           7         -21           5
           7         -22           5
           7         -22           4
           6         -22           4
           7         -22           4
           6         -22           4
           7         -22           4
           7         -22           5
           7         -22           4
           6         -22           4
           6         -23           4
           7         -23           4
           7         -24           4
           7         -24           5
           7         -25           5
           7         -24           5
           7         -23           5
           7         -22           5
           7         -22           6
           7         -22           5
           7         -22           6
           6         -22           6
           6         -22           5
           6         -22           6
           6         -21           6
           7         -21           6
           7         -20           6
           7         -19           6
           7         -19           7
           7         -18           7
           8         -18           7
           8         -19           7
           8         -19           8
           8         -19           9
           8         -18           9
           7         -18           9
           7         -18           8
           7         -18           7
           7         -17           7
           7         -18           7
           7         -18           6
           8         -18           6
           9         -18           6
           9         -18           7
           9         -17           7
           9         -17           6
           9         -17           5
           9         -16           5
           9         -15           5
           8         -15           5
           8         -16           5
           8         -17           5
           8         -18           5
           7         -18           5
           7         -18           4
           6         -18           4
           6         -18           5
           6         -19           5
           6         -19           6
           6         -19           5
           7         -19           5
           7         -20           5
           7         -20           6
           6         -20           6
           6         -21           6
           6         -20           6
           6         -20           5
           6         -20           4
           6         -20           5
           6         -20           4
           6         -20           3
           6         -20           4
           6         -21           4
           5         -21           4
           4         -21           4
           4         -20           4
           5         -20           4
           5         -21           4
           5         -21           5
           6         -21           5
           6         -21           6
           7         -21           6
           7         -21           5
           8         -21           5
           7         -21           5
           7         -22           5
           7         -21           5
           8         -21           5
           9         -21           5
          10         -21           5
          10         -22           5
          10         -21           5
          10         -21           4
          10         -20           4
          10         -21           4
          10         -21           3
          10         -20           3
          11         -20           3
          11         -19           3
          11         -19           4
          12         -19           4
          12         -19           3
          13         -19           3
          13         -18           3
          14         -18           3
          15         -18           3
          15         -18           4
          15         -18           3
          15         -18           2
          15         -19           2
          15         -19           1
          14         -19           1
          14         -19           0
          13         -19           0
          13         -19           1
          13         -18           1
          13         -18           2
          13         -19           2
          13         -20           2
          13         -20           3
          13         -20           2
          12         -20           2
          13         -20           2
          13         -19           2
          13         -18           2
          13         -19           2
          14         -19           2
          14         -18           2
          14         -18           1
          13         -18           1
          13         -18           0
          12         -18           0
          12         -19           0
          12         -19           1
          12         -19           2
          13         -19           2
          13         -20           2
          13         -19           2
          13         -19           3
          12         -19           3
          12         -19           2
          13         -19           2
          13         -19           3
          13         -20           3
          13         -20           2
          13         -20           1
          13         -21           1
          12         -21           1
          12         -22           1
          12         -21           1
          13         -21           1
          13         -21           0
          13         -21           1
          13         -21           2
          13         -21           3
          14         -21           3
          14         -21           2
          14         -22           2
          14         -21           2
          15         -21           2
          16         -21           2
          16         -21           1
          17         -21           1
          17         -20           1
          18         -20           1
          19         -20           1
          19         -19           1
          19         -18           1
          18         -18           1
          17         -18           1
          18         -18           1
          19         -18           1
          19         -17           1
          19         -17           2
          19         -17           3
          19         -17           4
          18         -17           4
          18         -17           5
          18         -16           5
          17         -16           5
          16         -16           5
          16         -16           6
          16         -16           5
          15         -16           5
          15         -16           6
          15         -15           6
          16         -15           6
          17         -15           6
          17         -15           7
          17         -15           6
          17         -14           6
          17         -13           6
          16         -13           6
          16         -12           6
          17         -12           6
          18         -12           6
          18         -13           6
          18         -13           5
          18         -14           5
          18         -13           5
          19         -13           5
          18         -13           5
          17         -13           5
          17         -13           6
          17         -12           6
          17         -12           7
          17         -12           8
          17         -11           8
          17         -10           8
          17         -10           7
          17          -9           7
          17          -8           7
          18          -8           7
          18          -7           7
          18          -7           6
          17          -7           6
          17          -7           5
          18          -7           5
          18          -7           6
          17          -7           6
          17          -6           6
          16          -6           6
          16          -6           5
          17          -6           5
          17          -7           5
          18          -7           5
          18          -7           6
          18          -7           7
          17          -7           7
          17          -6           7
          17          -5           7
          17          -5           8
          17          -5           9
          17          -5           8
          17          -4           8
          17          -4           7
          17          -3           7
          18          -3           7
          18          -3           6
          18          -2           6
          18          -2           7
          18          -1           7
          18          -2           7
          18          -2           8
          19          -2           8
          19          -2           7
          19          -2           6
          18          -2           6
          18          -2           7
          17          -2           7
          17          -3           7
          18          -3           7
          18          -4           7
          17          -4           7
          16          -4           7
          17          -4           7
          17          -3           7
          17          -2           7
          17          -2           8
          17          -2           9
          17          -1           9
          17          -1          10
          17          -2          10
          17          -3          10
          17          -3          11
          18          -3          11
          18          -4          11
          18          -4          10
          18          -3          10
          18          -4          10
          18          -4           9
          18          -5           9
          18          -5          10
          18          -5          11
          18          -6          11
          17          -6          11
          17          -7          11
          18          -7          11
          18          -7          10
          18          -7          11
          18          -6          11
          18          -6          10
          19          -6          10
          20          -6          10
          20          -6           9
          20          -6          10
          20          -6           9
          20          -5           9
          21          -5           9
          20          -5           9
          20          -5           8
          20          -4           8
          20          -3           8
          20          -4           8
          20          -5           8
          20          -4           8
          20          -5           8
          20          -5           7
          21          -5           7
          21          -5           6
          20          -5           6
          20          -5           7
          19          -5           7
          19          -4           7
          19          -4           6
          20          -4           6
          20          -4           5
          20          -4           6
          20          -4           5
          19          -4           5
          19          -4           6
          19          -4           5
          19          -3           5
          19          -3           4
          19          -4           4
          20          -4           4
          20          -5           4
          20          -5           3
          20          -5           4
          19          -5           4
          20          -5           4
          20          -6           4
          20          -7           4
          21          -7           4
          21          -7           3
          21          -7           2
          22          -7           2
          22          -7           1
          23          -7           1
          24          -7           1
          24          -8           1
          24          -9           1
          25          -9           1
          25          -8           1
          25          -8           2
          25          -8           3
          24          -8           3
          24          -8           2
          23          -8           2
          23          -9           2
          22          -9           2
          21          -9           2
          21          -9           3
          21         -10           3
          21          -9           3
          21          -9           2
          21         -10           2
          21          -9           2
          22          -9           2
          22          -9           3
          21          -9           3
          21          -8           3
          21          -8           2
          21          -7           2
          21          -6           2
          21          -7           2
          21          -8           2
          20          -8           2
          20          -8           3
          20          -8           2
          20          -8           1
          20          -9           1
          21          -9           1
          22          -9           1
          22         -10           1
          22         -11           1
          23         -11           1
          23         -10           1
          23          -9           1
          24          -9           1
          24          -9           0
          23          -9           0
          23          -9          -1
          24          -9          -1
          23          -9          -1
          24          -9          -1
          23          -9          -1
          23          -9          -2
          24          -9          -2
          24         -10          -2
          24         -11          -2
          24         -11          -3
          24         -11          -2
          24         -11          -3
          24         -10          -3
          23         -10          -3
          22         -10          -3
          22         -10          -4
          22         -11          -4
          22         -10          -4
          22         -11          -4
          23         -11          -4
          23         -11          -3
          23         -10          -3
          22         -10          -3
          22         -10          -2
          22          -9          -2
          23          -9          -2
          23          -9          -3
          23          -9          -4
          23          -9          -5
          23          -8          -5
          22          -8          -5
          22          -8          -4
          22          -7          -4
          21          -7          -4
          20          -7          -4
          20          -7          -3
          20          -7          -2
          20          -8          -2
          20          -7          -2
          19          -7          -2
          19          -6          -2
          19          -6          -3
          19          -5          -3
          19          -4          -3
          19          -5          -3
          19          -4          -3
          19          -4          -2
          19          -4          -1
          19          -5          -1
          19          -5           0
          19          -5           1
          19          -5           2
          19          -5           3
          19          -5           2
          20          -5           2
          20          -5           1
          19          -5           1
          19          -5           2
          19          -6           2
          19          -7           2
          18          -7           2
          19          -7           2
          20          -7           2
          20          -7           3
          20          -8           3
          20          -8           4
          20          -9           4
          21          -9           4
          21          -9           5
          20          -9           5
          20         -10           5
          20         -11           5
          20         -12           5
          20         -13           5
          21         -13           5
          20         -13           5
          21         -13           5
          21         -14           5
          21         -14           4
          21         -13           4
          21         -13           3
          21         -12           3
          21         -12           4
          22         -12           4
          21         -12           4
          21         -12           3
          21         -13           3
          21         -12           3
          21         -12           2
          21         -13           2
          21         -13           3
          22         -13           3
          22         -14           3
          22         -15           3
          21         -15           3
          22         -15           3
          21         -15           3
          20         -15           3
          19         -15           3
          18         -15           3
          18         -16           3
          19         -16           3
          19         -16           2
          20         -16           2
          20         -17           2
          21         -17           2
          21         -16           2
          21         -15           2
          21         -15           1
          21         -14           1
          21         -15           1
          21         -14           1
          21         -14           0
          21         -14           1
          21         -14           0
          21         -15           0
          21         -15           1
          21         -15           0
          21         -15           1
          21         -14           1
          21         -14           2
          21         -15           2
          20         -15           2
          20         -15           3
          19         -15           3
          18         -15           3
          18         -15           2
          18         -15           1
          17         -15           1
          18         -15           1
          18         -14           1
          18         -15           1
          18         -15           0
          18         -16           0
          17         -16           0
          16         -16           0
          15         -16           0
          14         -16           0
          14         -17           0
          15         -17           0
          15         -16           0
          15         -17           0
          15         -17          -1
          14         -17          -1
          14         -16          -1
          14         -16          -2
          14         -16          -3
          14         -16          -2
          14         -17          -2
          13         -17          -2
          13         -16          -2
          12         -16          -2
          12         -16          -3
          11         -16          -3
          10         -16          -3
          10         -16          -4
          10         -17          -4
          10         -16          -4
          10         -17          -4
          11         -17          -4
          10         -17          -4
          10         -17          -3
           9         -17          -3
           9         -17          -4
           9         -16          -4
           9         -16          -5
           9         -16          -6
          10         -16          -6
          10         -17          -6
          10         -18          -6
          10         -17          -6
          10         -17          -7
          10         -17          -8
          11         -17          -8
          11         -16          -8
          10         -16          -8
          10         -15          -8
          11         -15          -8
          11         -14          -8
          10         -14          -8
          10         -13          -8
           9         -13          -8
           9         -13          -9
           9         -13          -8
           8         -13          -8
           8         -13          -7
           8         -13          -6
           8         -12          -6
           7         -12          -6
           8         -12          -6
           8         -11          -6
           8         -12          -6
           8         -12          -5
           8         -13          -5
           8         -13          -4
           8         -14          -4
           9         -14          -4
           9         -14          -5
          10         -14          -5
          11         -14          -5
          11         -13          -5
          10         -13          -5
          10         -12          -5
          10         -11          -5
          10         -12          -5
          10         -13          -5
          10         -13          -6
          10         -13          -7
           9         -13          -7
           9         -13          -8
           8         -13          -8
           8         -14          -8
           8         -14          -9
           8         -15          -9
           8         -14          -9
           8         -14          -8
           8         -14          -9
           8         -14          -8
           8         -15          -8
           9         -15          -8
           8         -15          -8
           8         -15          -7
           8         -15          -8
           8         -15          -9
           8         -14          -9
           7         -14          -9
           7         -14          -8
           7         -15          -8
           6         -15          -8
           6         -15          -7
           5         -15          -7
           5         -14          -7
           5         -14          -8
           5         -14          -9
           4         -14          -9
           4         -13          -9
           5         -13          -9
           5         -13          -8
           4         -13          -8
           4         -12          -8
           4         -13          -8
           4         -12          -8
           4         -12          -7
           3         -12          -7
           3         -13          -7
           3         -14          -7
           3         -14          -8
           3         -13          -8
           4         -13          -8
           4         -13          -9
           4         -13         -10
           3         -13         -10
           2         -13         -10
           2         -13          -9
           2         -13         -10
           2         -12         -10
           2         -11         -10
           2         -12         -10
           1         -12         -10
           1         -13         -10
           1         -13          -9
           2         -13          -9
           1         -13          -9
           1         -14          -9
           1         -13          -9
           1         -13          -8
           1         -13          -9
           1         -14          -9
           0         -14          -9
           0         -14         -10
          -1         -14         -10
          -1         -15         -10
          -1         -15         -11
          -2         -15         -11
          -2         -14         -11
          -2         -14         -12
          -3         -14         -12
          -2         -14         -12
          -2         -15         -12
          -3         -15         -12
          -3         -16         -12
          -3         -17         -12
          -3         -17         -13
          -3         -17         -14
          -3         -16         -14
          -3         -16         -13
          -3         -17         -13
          -4         -17         -13
          -4         -16         -13
          -3         -16         -13
          -3         -16         -12
          -3         -15         -12
          -3         -15         -13
          -3         -16         -13
          -3         -16         -14
          -3         -16         -13
          -2         -16         -13
          -3         -16         -13
          -2         -16         -13
          -2         -16         -12
          -3         -16         -12
          -4         -16         -12
          -4         -15         -12
          -3         -15         -12
          -3         -16         -12
          -3         -16         -11
          -3         -15         -11
          -3         -16         -11
          -3         -17         -11
          -3         -17         -12
          -3         -17         -11
          -3         -17         -12
