  -1.9030110051812335      -0.61526345101843283     
  -3.9014387402920443      -0.53597544726076884     
  -1.9308037751938190      -0.19451119681525608     
  -3.4202889507015266       -1.5292148762672810     
   2.3075537078099284E-002   2.0961459339553588     
  0.98998792072445518       0.34540881995128236     
   5.9769824038337416E-002  -1.4250979698119357     
  -1.7711001127627464      -0.62016612517041902     
  -2.4771804566428997       -5.5700601187814014     
  -5.8738202790651757       -1.9008861086348166     
  -3.1715949642633623        2.3060104135111992     
  -1.4391936539950261        3.3054030791739768     
  -5.4733202586073855       0.35145275156879485     
  -10.091945066704756        2.2667346843472402     
  -9.6118847099921343        4.2082655375434879     
  -7.9153882711747086        8.9116579125298436     
  -7.6754359716573770        6.9261043640310014     
  -8.5084509940650470        5.1078398144004611     
  -6.5798667434512241        5.6375215946084642     
  -7.2911322698769805        3.7682700462826935     
  -6.4861678766215434        1.9374144196449985     
  -10.688345021600071      -0.77214407616573077     
  -5.7539334793713985        3.5062670535789708E-002
  -4.5295724251535461        1.6164987296018993     
  -2.6679449355067408        6.2570098102686966     
  -4.5296532353908736        6.9877917244828707     
  -3.5113368384313155        8.7091376268753287     
  0.88405342084793492        11.092526908682455     
   5.8376535086873860        10.412934258812708     
   4.5458470256485430        15.243176075779932     
   7.1882561443982436        10.998452993039617     
   9.1509297359730546        10.613859216523624     
   12.979372693533337        7.3978019221479343     
   14.937564410306944        7.8046006443180485     
   13.592768259705734        9.2849800934216109     
   8.7414191694622829        10.495109014071822     
   7.3721152240703391        9.0373687405203036     
   7.8122609591192003        10.988335611566118     
   12.812250456303651        10.998583930705250     
   11.164689406619670        6.2778273613019699     
   15.158094821827744        3.2690546563960581     
   15.731143579522890        8.2361076177911805     
   19.891708575345387        11.009138255114999     
   21.878922003412651        10.783344563198799     
   24.415554745689587        15.092114031481895     
   26.390351282774471        15.408624121554158     
   21.629598466907325        16.936770916274170     
   24.296729936125629        12.707538157734461     
   28.449637132300801        15.492024074372660     
   26.037240457089432        11.112487308751307     
   24.953348344190978        12.793313857683863     
   22.982443745051210        12.453409369496804     
   24.055206399445819        14.141360875712618     
   23.053538955086296        12.410273838354223     
   27.716180476907400        10.604789405026210     
   29.157980883883280        11.990867175731804     
   28.187664513032566        13.739719982705306     
   28.871397817094934        18.692750243961132     
   26.610223432669489        14.233255832795422     
   21.931643963298210        12.469483129531884     
   22.158400122341167        7.4746276116679207     
   24.483498503814108        11.901129336108102     
   22.501751874136737        11.631536502816150     
   21.674749981461019        9.8105291251510351     
   24.279230026127884        5.5424284120782898     
   27.428679834664354        9.4258503442805566     
   29.338758034414592        10.018810099102826     
   28.448267556423122        14.938873788589632     
   24.660072839771843        18.202243333819737     
   22.484043555646405        22.703898202268512     
   23.692849466000883        24.297255748801017     
   28.656602433847361        24.898218704560605     
   30.549946891451217        25.542615139110612     
   35.220517741869358        27.327487104049379     
   39.079013249142754        30.507426163269066     
   43.868972704247383        29.073449727460673     
   41.304971132852231        24.780910159572780     
   39.442092113746519        24.053117771473168     
   44.285702392163635        25.293859271872059     
   47.224416054345255        29.339098697630082     
   44.707237000139529        25.018935551513035     
   49.383357041401659        26.789218398887055     
   44.426808460022883        26.131475165982259     
   45.505692945379501        24.447429956596007     
   46.296646141303199        29.384472901705770     
   43.126229810328141        33.250796774363963     
   46.681331843176309        29.734939903551556     
   51.478823212031955        31.143512431238918     
   52.614442235855499        32.789832397931313     
   57.598169041610007        33.192904507613896     
   59.292865681608340        32.130829511025453     
   61.202558226528929        31.536628885079359     
   64.398718773425315        27.691559606319487     
   67.062065156369059        31.923177032843356     
   68.391701803820126        33.417187202070828     
   63.408634038935141        33.006047748157485     
   65.080635413603645        37.718203454743019     
   66.950070409765445        37.007420228206598     
   67.710875658109046        35.157778269855520     
   67.411895017855457        37.135304648125491     
   65.456295294104137        36.716222650822125     
   62.250348978829827        40.553136543989275     
   64.346668528048212        45.092458558075172     
   63.849649034252515        40.117222722178838     
   67.430400962039158        43.606952744924477     
   71.871226861820134        41.309331077235370     
   73.677747076038543        42.167517954098614     
   74.036201584249170        44.135133354918466     
   70.995878555083181        48.104571083151896     
   66.034255407026265        48.722871767823804     
   70.301110904439341        51.329391317759281     
   65.625569875537295        53.101202844715118     
   62.412245318219249        56.931939756764386     
   62.953536370969459        55.006581609246744     
   67.396462130584510        52.713023087091933     
   70.194830730828983        56.856588360762153     
   72.655438029504225        52.503955626231694     
   73.558707453026926        47.586221966452122     
   73.826308281598557        49.568238564906274     
   73.012751868917945        51.395292467610368     
   72.244551626616200        49.548709572713001     
   72.441892082929286        51.538949946211176     
   70.930825921561976        52.849170941299661     
   69.668603726615430        54.400555848595175     
   64.853219963793819        53.054420930856992     
   65.784805241217597        51.284633126941713     
   70.419171053325442        49.407759790894225     
   68.537477149229900        48.730096119675459     
   69.072897584520064        53.701345958244602     
   70.298818001914725        55.281573514710722     
   70.802993766657920        57.216982204947904     
   74.293719384293794        53.637200834196236     
   76.293708036601885        53.643938091712926     
   74.345301720047956        54.095283663988518     
   74.804430953193517        52.148696818437777     
   79.221547480587759        49.805817909185180     
   77.689836548135645        48.519792396449660     
   73.493618423162772        51.238570329207171     
   78.452353868926181        50.597522141525779     
   80.219803436352493        51.533536044523238     
   81.276708361982074        49.835610257517239     
   78.789602519621837        45.498064346648107     
   73.983179257988695        46.875850770602071     
   72.240538279591789        45.894422005784222     
   73.554485148089128        44.386594553200197     
   74.275883232667312        42.521230030227024     
   75.938926671073887        47.236554676735771     
   80.211921165004554        49.832998023862423     
   82.184943903053167        49.505612509303262     
   79.872724687442727        45.072369644428626     
   80.571768049909679        50.023262329328077     
   81.384144531212812        48.195683479421582     
   83.296159121026378        47.608997696109896     
   80.090779055569698        51.446384650271916     
   84.749297249227240        49.630287670658305     
   83.894771356768345        47.822032849258029     
   79.124745633744553        46.323081682044318     
   79.621932242100968        41.347862543506693     
   74.911875630895707        43.025767999496857     
   73.613093503596303        47.854138841282690     
   71.883241169960215        46.850340602684028     
   72.931607940267085        45.147129777531617     
   74.917881714175905        44.913214204980335     
   75.399838083102551        42.972153139879332     
   73.780980290728962        47.702829565938430     
   71.839833829138868        47.221217258520653     
   70.306042266078748        51.980154476123502     
   74.778311999744858        49.744354075968332     
   73.918738831580242        44.818794821571785     
   75.445499903600847        43.526896749368532     
   75.044169738096329        38.543029365673803     
   73.175603394748919        39.256093051826248     
   78.127980642442168        39.944540287662235     
   73.200270573126602        40.791696396514666     
   75.199466407222005        40.734986459682005     
   71.581587621802612        44.186211328335496     
   71.729137983044239        42.191661531790558     
   67.228660681479383        44.370125223959768     
   62.240359115306831        44.028295610086957     
   63.793906305188436        42.768735715198680     
   62.520130820616231        44.310648817452773     
   62.881070707609844        42.343487817946873     
   64.879900847280922        42.275091379863369     
   69.369136159884292        44.476628640069286     
   69.778893807298729        42.519053949186357     
   68.868173103137110        44.299668393419402     
   71.308695443321341        48.663594459138402     
   76.168161145522944        49.840706641186607     
   72.023437730094955        47.044053675657466     
   70.080232183399929        46.570817790190510     
   74.918187302159765        47.833430267899118     
   74.650147432190408        45.851472995880670     
   75.399631909249493        47.705731073562276     
   74.024340006608981        52.512868702394165     
   76.033306457192111        57.091520665628693     
   77.929296761112568        57.728090196347530     
   76.009337516603068        57.167950482148925     
   74.010807242672556        57.244610407685173     
   72.204548092011592        56.385874196352752     
   68.049550417844316        59.167239747240387     
   66.144908556876203        58.557043564486101     
   70.467453912452129        61.070129645182313     
   70.422385846818884        59.070637492294466     
   68.423086273976054        59.123564026570804     
   72.332092235677123        62.241202939496013     
   70.563711829457816        63.175457047808969     
   67.452256055812427        59.261527696294209     
   65.608861446484951        63.909311718202112     
   68.900046080091386        60.145257559782912     
   67.164252006674502        59.151769293777321     
   65.188898706333859        58.838752778504869     
   61.278360832748113        61.954469957462457     
   62.760989803748842        63.296785618679785     
   62.069546449594696        61.420111409341345     
   61.903154138956232        59.427045028369456     
   62.705063613332705        61.259240758881141     
   62.309541548501606        63.219741280745836     
   64.334058009179969        58.647943702063863     
   68.733631765330045        61.023601666543499     
   69.398864893247534        59.137477363767800     
   68.931350345628090        61.082067332826618     
   69.420059293135452        63.021439283904144     
   71.031272596405799        64.206340837352641     
   72.760645732115933        65.210964427302684     
   73.802424979230821        60.320698994805106     
   72.040483048955068        61.267039649292769     
   70.690607367638279        62.742788830213954     
   74.903494139938942        65.435665552935220     
   79.885309534640768        65.861711763001551     
   76.431436156039709        62.246361339516859     
   72.577907578567050        59.060405046250807     
   73.475010018208366        60.847919301519724     
   68.522580677695856        61.535991701221157     
   70.438944093009354        66.154167884569731     
   70.012540425098763        68.108184238644682     
   68.443267690861603        66.868271707221680     
   69.399086434925238        68.625090004171199     
   70.977175309474859        73.369522057011949     
   70.949470510149993        71.369713955194584     
   69.059987760385155        70.714080720572426     
   70.663344033762996        71.909592602830372     
   70.714082611805011        73.908948898416099     
   69.297011274504527        69.113961012612691     
   68.049873295677472        73.955928263820326     
   69.614165386386802        72.709737967379112     
   73.770200373958488        69.929922652995785     
   75.249605961258879        71.275790071527197     
   71.054859779612030        73.996838485568972     
   70.924422507510087        68.998540163335036     
   71.693035902879231        67.152129199205135     
   73.463214928622619        66.221287528018138     
   71.671358646640456        67.109685560839608     
   72.567641585902052        65.321760256810222     
   74.410665931964104        66.098459207384082     
   77.767889775828692        69.803732215164615     
   75.673824233976561        65.263369949174432     
   80.547944407796990        64.148492139207477     
   83.740207295474860        60.300186322883292     
   83.292658700291938        62.249468307345722     
   81.860634426744241        63.645643969635465     
   85.299836754752633        60.016334483380312     
   89.795868036553131        62.203959385659360     
   91.079147416658742        63.737971782152869     
   92.388516263017792        65.249776407157157     
   87.390852336100977        65.402600729810402     
   89.616541790142463        60.925290549113903     
   87.837440226071820        65.598062491411255     
   89.208015166494988        70.406547110569775     
   87.357106665113463        71.164265870739811     
   87.705879027120375        73.133620546642589     
   83.826106263180733        69.979676460233918     
   85.630686799030144        69.117418326243040     
   83.660545615407585        68.773116544960544     
   82.380192695762318        70.309572337085996     
   80.609466578431395        69.379771811488084     
   83.715456059172183        65.461503144649683     
   81.981961362971504        66.458998076087497     
   85.231907802013041        62.659281225668082     
   82.581871956674519        58.419315421746902     
   80.830091675112556        59.384336584795001     
   78.248374559198453        55.102428513222691     
   79.738221531707907        56.436728329045366     
   82.290503243323627        52.137209976421211     
   77.915624548103665        54.558043800150237     
   74.948028820953866        50.533944447474880     
   76.829295436348048        55.166528599090832     
   74.861844290962296        54.807173634577616     
   73.773613406504822        59.687312315200629     
   73.806921074020366        57.687589684612909     
   78.806914859599189        57.695472842171228     
   80.691184956103740        58.365939995295626     
   82.691118112865610        58.382291401488509     
   84.322749367479332        59.538915562124807     
   80.137874422600291        62.275121273639130     
   81.090594578324399        64.033621857908869     
   84.913011212227104        60.810404354099369     
   80.725466292161244        58.078286578008701     
   77.240326009767941        54.493067308279230     
   78.925525899637890        53.415987306059186     
   78.631221937186638        55.394215093167006     
   79.508969961175396        53.597117876435583     
   80.523336621157810        51.873441491751926     
   82.448885347388199        47.259087571330078     
   84.109695721962936        46.144767644332035     
   85.825292068829768        47.172740977943953     
   87.989241913376617        51.680214890268424     
   87.717012480514569        53.661601055528394     
   91.336856273178640        57.110764855163225     
   89.350559431869314        56.877045240657729     
   94.344671498051000        57.119624445080802     
   92.390096578171864        57.543460359768901     
   93.511669284692971        55.887539267449910     
   96.164951139992581        51.649603992302609     
   96.987208820300353        53.472758485804157     
   95.162574463172248        52.653789949908123     
   96.448434992493105        54.185639387396897     
   99.199006233849872        58.361086410916784     
   94.434033457165995        56.846149304149129     
   97.125620853301498        52.632438672299273     
   92.377983101894216        54.200856914163502     
   91.381539499989728        52.466757681644317     
   95.507100176735293        49.641912712006032     
   98.240416358338067        45.455149923002040     
   99.329452592275814        43.777651761700312     
   97.647591539570271        42.695365570625043     
   98.095298802789458        44.644611118641194     
   94.053203583749763        41.701574210918750     
   97.977399865460526        44.800071192135192     
   96.005520362537069        44.465868819387289     
   94.150408475382292        43.718500177994684     
   94.691832348378895        41.793179376219207     
   91.006520497077503        45.172303013888815     
   90.916821928236345        50.171498365817747     
   90.051640769957544        55.096075663755038     
   90.049529462875370        50.096076109516815     
   94.205568720416338        47.316267179072433     
   93.022011286709670        48.928468097419056     
   94.033526384634428        47.203116768944106     
   98.420847002440141        44.804905394486710     
   93.726698126806070        43.082997634650710     
   98.587757414579769        44.253511453769946     
   99.691818394882418        45.921159303818975     
   97.737594331711179        46.346610018852431     
   102.70787819308609        45.802295461490537     
   102.32988164803010        43.838340621906454     
   104.17352861172952        43.063120734879647     
   99.224159907685518        42.353367657091496     
   95.654074078799738        45.854008623313099     
   93.700824837044948        45.424104681037242     
   94.091183524231084        43.462569543615963     
   92.363110979411715        42.455710427432628     
   93.801305003240302        37.667015620930158     
   92.009195873498825        36.779127752391979     
   87.163430030824003        35.546831766045351     
   89.123134674624040        35.147385012311425     
   89.092976455664513        40.147294059667104     
   93.713674348587375        38.237018953212988     
   98.625280101231283        39.173036544177634     
   96.733249248529418        39.821279748865685     
   92.138160568319250        41.792360675921792     
   93.329227678878482        40.185699809981472     
   89.604702130747981        36.849847678767738     
   88.835937132553511        41.790394245449512     
   93.396123943463124        39.739858644781712     
   94.265708887620065        41.540920005450907     
   89.626659394461598        43.406186688803771     
   88.009986654029916        38.674763092216260     
   87.502459271861184        36.740230601832870     
   83.618264547847318        39.888727282146000     
   84.877259667244857        38.334722362805913     
   89.355813877126280        40.557907507851951     
   89.123722624121669        42.544395275314599     
   92.539660862744000        46.195609587008413     
   94.534881771437242        46.333788910763211     
   90.256656571751833        43.745973395550280     
   86.593519345148223        40.342824021944878     
   82.341480474134244        42.973444754659155     
   83.075644895182435        44.833821760232745     
   82.485920765120269        46.744901415930649     
   78.567951638654876        43.638534096365234     
   80.484383375074842        43.066441971229459     
   82.021586496730706        41.786986398428482     
   81.038979901324083        43.528963516149432     
   76.970987438190235        46.436099102923151     
   76.541586226634621        48.389458926282529     
   77.995948364726118        47.016567535353914     
   76.919556709378227        48.702207177833124     
   78.817073668718720        48.070202914386094     
   83.755881753231662        48.850058480724883     
   84.584067578847979        47.029589244992451     
   85.835614369144054        48.589599062813988     
   87.623019603993399        47.692279428328504     
   87.013097082553685        49.597008941367200     
   87.850503717759608        44.667632700166585     
   87.591097607032225        42.684526936542944     
   87.341694954859506        44.668915587258631     
   89.340122084376560        44.589612321183253     
   88.672503755351329        39.634384196591050     
   86.810871394822229        34.993875069972418     
   83.055997898968116        31.692220177326568     
   83.314514251347930        36.685532634558967     
   88.173260712085707        35.505455166649305     
   89.435727665587578        33.954269429441894     
   89.909474241624054        28.976763610088820     
   88.259823049819204        30.107538099267302     
   84.014913722965488        27.465428183538911     
   83.908185181488264        22.466567411479527     
   83.897906658640366        17.466577976293884     
   87.770295177669524        14.303571944416751     
   85.781452090631731        14.092614187645468     
   83.004813308196717        18.250772081698770     
   85.963544438297163        22.281393634235616     
   82.628323329311314        18.556303010616475     
   81.034790976556522        17.347727551357192     
   83.833682939541220        13.204515780334660     
   85.418970834365609        14.423885408676803     
   81.789046684107120        10.985331837279354     
   79.889208474796121        11.610323659979450     
   81.647092763198486        12.564180477635066     
   81.175269828397603        7.5864919459774365     
   82.723482913675454        6.3203812704934892     
   81.993876273894557        4.4582120646511134     
   83.443474770326318        3.0802918205358081     
   87.413175555498128        4.0312268596955469E-002
   85.709617895274391       -1.0074908132333260     
   83.742598535427220       -1.3692018000535366     
   81.780043464437767      -0.98400367787019516     
   79.543549257160137       -5.4559264925902333     
   83.752176699381067       -2.7563978202874382     
   81.752303814489451       -2.7338491113380812     
   86.561069600746507       -4.1034372293222994     
   85.583478101946611       -2.3586407192747316     
   80.683091050263030       -1.3655612946102376     
   77.044444591385584       -4.7948836689720622     
   76.891541255476398       -6.7890302457983100     
   74.994591701612961       -7.4227355322661559     
   71.979862145312566       -3.4338251920392904     
   74.512476448211856       -7.7449578497929306     
   76.509407524404935       -7.8557110751833514     
   75.064455490292517       -9.2385030404168766     
   71.898817102373769       -5.3682661488383783     
   73.809047775072059       -5.9607345252793653     
   78.319844624581791       -8.1177490784182922     
   73.599715264110600       -9.7671061714753993     
   77.383563611841851       -6.4986980449753684     
   76.104834038231999       -8.0365051452241492     
   77.032259558817969       -6.2645339536508100     
   79.032182101253156       -6.2821357791122576     
   80.178039549015864       -7.9213461711628685     
   83.967795552345819       -11.182902461528652     
   86.676317920690920       -15.385747519364390     
   85.278771490504184       -13.955060979456949     
   90.212582920898285       -14.765927657347081     
   86.099388970116038       -17.608749411036236     
   86.390457092429571       -15.630042927453369     
   85.704302649314926       -20.582738363293739     
   86.845287078312779       -22.225344382028741     
   88.322656238152078       -20.877241876447023     
   90.127453845068345       -21.739045565270249     
   91.362694155353495       -20.166092490367298     
   92.551077214536363       -18.557445324377451     
   87.960546082084562       -20.539117325993946     
   89.753226047718627       -21.425852089502325     
   84.766452078539714       -21.062416565207243     
   88.791407253095386       -18.095981694387135     
   84.960496360694876       -21.309098831138783     
   83.636027447887955       -19.810505457668835     
   87.053143138662961       -16.160393081883782     
   85.137604564283805       -16.735468703055027     
   85.353000262777627       -21.730827017837896     
   88.341293078966672       -25.739580695068881     
   90.276254097920940       -25.233689545583704     
   92.834563891616853       -29.529623786174398     
   92.365866131899040       -27.585318663505760     
   90.514009884316081       -22.940899599910402     
   89.438729490291422       -21.254550859517074     
   85.345578864800927       -18.382945392701195     
   85.551787424331451       -20.372286497181861     
   87.251046262915679       -19.317526145493687     
   84.001409639060171       -15.517544328050741     
   84.853971440589604       -10.590766641309347     
   84.525729887485568       -8.6178861373720572     
   80.204469377557089       -6.1025914020909893     
   82.180169090236276       -5.7917688718275668     
   80.222809537074426       -5.3809847683790055     
   79.545160065320033       -3.4992857506211217     
   83.145057542184361       -6.9692624300911543     
   84.088129027436764       -2.0590062072750968     
   86.077147144171903       -2.2683072614993613     
   88.074385034019755       -2.3733825266957624     
   88.528285923294675        2.6059722490473196     
   83.978536527555491       0.53238105597890151     
   88.959508031193593       0.96818247858466244     
   88.453787533912603      -0.96682314896009203     
   83.475121045452710       -1.4282123520050232     
   88.004491889879063       0.68952222854572254     
   83.633305790333779       -1.7379727937235474     
   81.634302406975934       -1.8011033990104370     
   83.499455817550611       -1.0791596650382909     
   81.781902596233763       -5.4459254213689023E-002
   86.450482138023503        1.7356147839149900     
   85.580282853466841       -3.1880782614684327     
   81.549650764593466      -0.22936148486675245     
   81.229880288006896       -2.2036327028871137     
   79.772373334549386       -6.9864847265883485     
   84.361791270867926       -8.9707334523779618     
   82.901932154898901       -10.337778207139902     
   81.781492837773214       -11.994466390425742     
   86.780086908497367       -11.875902837335380     
   85.858011705745128       -16.790145130962081     
   89.460053720138831       -20.257895601590345     
   88.581204293141170       -18.461336756279152     
   91.726514959628958       -22.348111873426806     
   93.687200379601478       -22.742716338565252     
   91.709105885491525       -22.447517808128733     
   91.702785091772810       -27.447513812883813     
   91.663880361160309       -32.447362452786422     
   92.458872576549055       -30.612154732262312     
   95.150637268285777       -34.825752107940190     
   94.368662643489387       -32.984959972425010     
   96.206906972588072       -32.197014678298245     
   98.807060543865418       -36.467752484084691     
   97.883960176312840       -41.381802312019310     
   98.083771807902977       -39.391808515073883     
   98.092267631554407       -37.391826559910164     
   98.270856498989360       -39.383837106174489     
   96.367545759311454       -38.769501507151638     
   94.623433811097584       -43.455445756937117     
   97.810682001054445       -47.307905876862662     
   98.929299036289180       -45.649986720666362     
   102.72256696771079       -48.907457887146343     
   100.23408361661068       -44.570702116838596     
   98.318251493243366       -43.996605195514420     
   96.609838353836963       -45.036472756843054     
   94.498156931016737       -40.504276648054741     
   89.625952314853464       -39.381057088824512     
   90.994994743304204       -40.839042969792402     
   92.051198013612435       -39.140680625712022     
   89.368714964226129       -43.360193001538782     
   87.666593207480147       -48.061552541630562     
   88.292447077162279       -49.961106945643223     
   86.792794185187645       -51.284376080623758     
   82.067193716848067       -49.650760393373908     
   83.965074323304577       -49.019848986252221     
   83.225184681595678       -50.877956442265429     
   83.252625591192171       -52.877768182525124     
   85.818817613802040       -48.586537764207613     
   83.896964595963453       -49.140145005692681     
   85.414795675454201       -50.442523143612675     
   90.068326384798624       -52.271362102402740     
   88.638642668575770       -50.872789804819526     
   90.577551931660267       -50.382248400323327     
   93.920384255224860       -46.663986433149454     
   93.843699575575457       -44.665457108894472     
   98.827476702469923       -44.263007671767888     
   100.82611740376814       -44.336732478408365     
   101.04847397229602       -39.341679169740630     
   100.60754947991927       -37.390888152736935     
   97.475151082872912       -33.493699386179507     
   102.46310424362699       -33.146822944022489     
   100.87753681223975       -34.365829063992393     
   105.87151354052884       -34.611178686586605     
   110.86528372555560       -34.361660472546482     
   114.97131706222544       -37.214814908982738     
   119.94703163808151       -37.707018585943196     
   121.34129490557359       -32.905349090765263     
   120.79961013008999       -34.830596504478443     
   119.39522980683648       -33.406617604473809     
   116.61272228191174       -29.252384597800106     
   114.69741011528760       -28.676555365838475     
   114.04712563262106       -26.785225121908791     
   113.87042437240619       -28.777403995564086     
   114.78050526257564       -26.996462454314518     
   112.83919840101052       -27.477427805707098     
   112.04480541374026       -29.312894989226280     
   109.63271131671138       -24.933191566952303     
   111.75386157013756       -29.460963822972918     
   110.33965871968253       -28.046739548762886     
   110.88556453877459       -23.076630210259211     
   112.21442907977122       -18.256451890769174     
   110.77949331703196       -16.863268716591456     
   112.49023115542315       -17.899307349218947     
   109.22629513567158       -21.687013998230753     
   104.24544903451908       -22.124246335362926     
   100.26918815461450       -25.155640307604155     
   99.510606205297677       -23.305085410777071     
   99.907021115222008       -21.344765227952415     
   101.92525521950193       -16.770190810553416     
   96.953224340062590       -17.298309105920644     
   97.894351323428012       -15.533576831273439     
   98.055970100862780       -13.540117684267789     
   99.863919089567176       -12.684944921463256     
   98.869981970867173       -14.420482015296267     
   99.363274687954046       -16.358693122288756     
   101.24904048304805       -15.692444395420567     
   103.13473502892877       -16.358894753388594     
   102.52379698968953       -14.454490722671762     
   97.734989972012002       -15.892311068696403     
   98.993062583709190       -14.337559222356470     
   94.954848075887483       -17.285918696507860     
   96.957896779548307       -12.704674772554156     
   98.362614616188239       -11.281028819577910     
   96.365918359051250       -11.395937725825927     
   97.778744494920829       -9.9803380967627451     
   97.525046942601321       -7.9964939617695014     
   95.549682820560875       -7.6835457466357804     
   100.53025436162598       -7.2431968800170514     
   99.449777058603274       -5.5601731732164623     
   99.517288052603391       -7.5590334148764731     
   100.77826517851997       -12.397415033549720     
   105.38519604501666       -10.454173414162115     
   110.29025796069347       -11.423898944081230     
   115.11193186296987       -12.747326607426157     
   118.05582507540989       -8.7058549999854193     
   116.90325135741840       -7.0713600245892625     
   116.43713898464880       -9.0162865671484127     
   117.85960141945837       -7.6103702746346578     
   119.67273217384303       -8.4545011101717247     
   120.68847421594641       -10.177367356838497     
   118.69209752369298       -10.297700654920328     
   116.92346722366402       -9.3639197053291117     
   121.67273371458791       -10.927399093804528     
   125.60916521827124       -7.8444610443443548     
   124.88258379138198       -12.791387305175373     
   120.21859996092728       -10.989373201663115     
   125.17637029385388       -10.340903213188021     
   120.28770615671752       -11.390171031372146     
   125.20681855966070       -12.285901552907825     
   126.56461510969002       -7.4737930203902465     
   126.81293979695350       -9.4583168548894676     
   127.51744046822556       -11.330128491827654     
   129.36096611462474       -10.554620148179128     
   131.37849132715797       -5.9797330439116578     
   129.51196066056497       -6.6981084824310129     
   125.31786227280176       -3.9760616948533163     
   127.20463908580614       -8.6064043666119705     
   125.32901484967415       -9.3006908527502876     
   128.68538629443873       -5.5946456931807287     
   130.68503312656671       -5.6322295562143445     
   135.64842662888660       -6.2361541716495932     
   136.20629757031952       -4.3155344766800923     
   133.76621772551016       -8.6797079781526314     
   133.48450088645839       -6.6996484783914063     
   131.80305180263582       -11.408441208859829     
   133.32027486058939       -10.105354798672826     
   134.00408788370765       -15.058374054582686     
   135.96285528927231       -15.462391691447134     
   134.73555952221560       -13.883232073116970     
   136.64881587988461       -13.300608601362633     
   138.50894515176384       -17.941720439262902     
   142.74566614918939       -15.286500073648506     
   140.98775925945310       -19.967286692051196     
   142.94981553153906       -20.355017507396266     
   147.93025038605992       -20.796909643413262     
   148.85719605725680       -15.883583710539543     
   153.61426520381224       -14.344008075862801     
   154.54727105399971       -16.113047386764610     
   153.74884157726538       -14.279332476894009     
   155.55373141270374       -15.140942993270940     
   157.29795782471552       -14.162334683659543     
   158.57851503292787       -12.626049151443798     
   154.59409122926536       -9.6053924425794008     
   157.33470560197128       -5.4234033392796688     
   155.67386437050661       -10.139504101971976     
   159.79354491282695       -7.3060905724590022     
   157.23227398084302       -11.600260016364789     
   161.81925263879322       -13.590141116207070     
   158.86656032256994       -9.5550936461373510     
   158.96179018191197       -7.5573621141517098     
   157.77571418535018       -12.414647748163773     
   159.37516138844700       -11.213911039094798     
   160.96034398097879       -9.9944045207300238     
   164.33886739306681       -6.3085424025854531     
   162.19951002621178       -1.7893444586043321     
   157.98021713325863       0.89348380341227296     
   158.45144339131991        2.8371776614345641     
   159.12685122028614       -2.1169947482188527     
   158.19921731653776      -0.34513263715700782     
   156.55572520162880        4.3770420385863700     
   156.47684370915874        2.3785982164723487     
   158.46111369456978        2.6289432283997152     
   163.16606342151459        4.3211158162056442     
   162.40950178132681        6.1724975933106219     
   164.06198272732570        7.2991327263996864     
   168.67236612663609        5.3640965739304090     
   164.23771251145718        7.6736089279524586     
   167.40576704105362        3.8053495652024161     
   171.41603322797096       0.81908683227560264     
   174.58464053072782       -3.0487197503905694     
   177.33137398948412       -7.2266923815298227     
   178.25929223475796       -5.4549791626120649     
   173.60840973901111       -7.2905422943935836     
   173.05707527155570       -2.3210322274960768     
   169.54358172749994       -5.8784699452753193     
   171.38207205443561       -6.6658410888689454     
   172.02719210613023       -4.7727430673968563     
   167.10944763592411       -3.8695325018269631     
   168.60697172443130       -5.1952102923706089     
   168.38328858425947       -7.1826623931274725     
   166.59526616900970       -11.852028071949857     
   164.44367340279840       -16.365413560514639     
   161.62425112594516       -20.494682021729496     
   160.21505577928806       -19.075467987497873     
   162.17295291699864       -19.483682144705536     
   163.14801745531747       -21.229892082288380     
   166.11164796024406       -17.202871567035366     
   162.25771662317214       -20.388340645387117     
   159.42048903427028       -24.505395370402809     
   162.37558238992852       -28.538684754930582     
   157.54708930804827       -27.240357154424998     
   160.31808872743238       -31.402275248017524     
   159.80189013246670       -29.470038458554221     
   160.98878388622487       -27.860292137766429     
   159.03624239251559       -28.293399186131534     
   158.25818911043916       -30.135852195098142     
   155.33859633010675       -26.076790973949734     
   157.33823009219685       -26.115063908373877     
   161.47595889110960       -28.922055249053088     
   161.10603060377707       -26.956564709205278     
   159.10716074752042       -27.023790431577687     
   155.08917295753997       -24.047925159162286     
   156.91981618066808       -19.395103930099729     
   161.85275772526981       -20.211245901537424     
   159.87572476955066       -19.909019675010988     
   162.77908632951477       -23.979706552200476     
   163.00813634172212       -21.992865820811112     
   167.59392848382640       -20.000251851821002     
   171.03988061928271       -16.377350544837306     
   169.28985711513442       -15.409147190717661     
   167.72637784728158       -14.161937272943447     
   172.72053895033105       -13.920369732102634     
   174.21808669876742       -12.594718668981903     
   175.44392192226533       -7.7473144146585797     
   177.72029789922840       -12.199068272578563     
   177.07701045315903       -10.305346735042081     
   178.96874832697381       -10.954444429364564     
   175.10695397007254       -7.7785123858527028     
   175.59936059963306       -2.8028178904917933     
   170.62626295711422       -2.2848412134362386     
   168.73147360858712       -1.6447058178297753     
   163.94905635158696      -0.18577292699923009     
   165.65099578787661       0.86465658286903535     
   163.65493710120757       0.73915869693853931     
   165.61632664576874        1.1302482704202661     
   164.26720770075482        5.9447968548884464     
   166.07291209410613        5.0848947419524393     
   164.14932577933519        4.5373404618797473     
   164.60929295888624        6.4837294758581594     
   163.01847271650240        5.2715863504716518     
   161.11985461642453        4.6428977868277128     
   161.87524923382369        6.4947560351837765     
   156.89445174049862        6.0569703222067757     
   156.27479720588323        1.0955160739313188     
   155.91649827524603      -0.87212766320816337     
   155.15510126578951       -5.8138150869522711     
   155.38393149515397       -7.8006811433659928     
   157.26523367260998       -7.1219307348215146     
   160.73211898097762       -3.5190560133491324     
   156.36646240011459       -5.9564814210216088     
   151.36650529383022       -5.9357706673811528     
   153.34826691604277       -1.3452782240015333     
   154.18499521390422       0.47128054343702930     
   153.65672050178586       -1.4576896036975131     
   158.45492119233924       -5.1535226264826761E-002
   157.54223870534543        1.7280744719372192     
   159.02578410638455        3.0693772129526948     
   156.11436592644611      -0.99555134503255438     
   154.93027684577302       0.61625914290663375     
   156.10031806108677       -1.0057777107027750     
   155.18313009844047        3.9093790763363447     
   157.16739597553482        4.1597566492117082     
   155.47246886503777        5.2214638075666508     
   150.54419663875811        4.3775841575688439     
   150.66478781416265      -0.62096140773458242     
   152.22254188181012       -1.8753147330491768     
   150.84443093746816       -3.3247319349220343     
   152.84325401881532       -3.3933343362929125     
   153.80428185668930       -8.3001077664434462     
   155.16204389001021       -6.8316111675804114     
   156.21556929254800       -8.5316359398139188     
   152.65417699915884       -5.0221509444636929     
   151.91143820503640       -3.1651805398245800     
   153.02879583936638       -4.8239487324918215     
   157.90569455765240       -3.7212888159354200     
   157.05653656444977       -1.9105070227366696     
   159.01759299589884       -1.5177505171607539     
   154.03804245154225       -1.0660023835751802     
   149.52179601037008        1.0795786758582904     
   148.04876917433160        2.4324245430251352     
   143.07204995784724        1.9504848784659443     
   144.23735899096548        3.5759247750272030     
   143.89071034629953        1.6061951699414514     
   142.19380716600213        6.3094408148867105     
   143.94643852494795        5.3459662072090008     
   148.85033656596087        6.3215603868500585     
   144.36091242113633        4.1204082231261712     
   141.33150168958269       0.14263615580663069     
   139.81676278198717       -1.1633370605405899     
   139.12906955316544       0.71471459557346306     
   138.83336843299938       -4.2765338301746016     
   140.05431802710180       0.57210330706933821     
   135.05784678865430       0.38428647244870628     
   136.93602168679951      -0.30307009584550848     
   135.50535232127712       -1.7006341074584821     
   130.64704038105700       -2.8824991976927690     
   128.87583498456482        1.7932714813971531     
   130.61603279318203        2.7790258051938261     
   129.39466111464463       -2.0695050261886783     
   127.57324588734528       -2.8956082701975849     
   129.92750646389410       -7.3066690425864618     
   131.88401850500458       -6.8918671224007868     
   131.56821122717764       -11.881883731919389     
   131.00013526642601       -13.799509791091538     
   126.97506274868118       -10.833234141915412     
   128.72793674550653       -9.8702010421449131     
   127.31050028447933       -5.0753210771248591     
   132.09720267439175       -3.6305095910109353     
   129.77693168973460       -8.0595436344292146     
   129.00235529729920       -12.999182428134862     
   127.04015307200022       -13.386173935834588     
   125.86177369462135       -15.002163429293061     
   120.90620193805113       -15.667226257515745     
   117.69744060646458       -11.832666215357719     
   119.38224557764737       -12.910363858056158     
   124.11751868851573       -14.515726298593211     
   122.36324098283406       -15.476200000132321     
   123.70872375961363       -13.996444582034616     
   122.01734085754242       -15.063788893201899     
   120.02805751937107       -14.857023807962928     
   123.61751868706547       -11.376252553540432     
   127.16955805582231       -7.8573015276235463     
   128.82191293576491       -6.7304815106155695     
   133.80097612131505       -6.2733931227741984     
   133.56761062529313       -4.2870546457601613     
   129.08682603048479       -6.5057410622977301     
   124.49646563857983       -4.5236735880602197     
   119.98520484828389       -6.6797176696917413     
   117.46586303012594       -10.998619938009540     
   118.74277626725743       -9.4593043157804946     
   123.69258015281976       -10.166016063575947     
   121.71801532582835       -10.483968487703144     
   120.48813074964114       -12.061112719933288     
   119.57372400696268       -13.839837068713656     
   123.09528476497999       -10.290385022609570     
   125.04394331608110       -9.8401297047947338     
   123.73912375747446       -8.3243969052955720     
   123.36365467624950       -10.288836512166723     
   118.54664035692257       -8.9485480926840530     
   117.18318403511671       -10.411759238939998     
   112.19212545285266       -10.710647559903531     
   116.14068711555458       -7.6432609204593556     
   114.15120628610259       -7.8481170388522630     
   111.05612914637540       -11.775011167694814     
   114.29257411169193       -15.586234591541446     
   116.28672046108420       -15.739140893587866     
   114.70904711488626       -14.509935128593003     
   116.55548433507688       -15.278485446981282     
   114.56064816646887       -15.134858637459947     
   114.11722005798318       -13.184635185492249     
   119.01051128879243       -14.212108265667702     
   123.55479195146582       -16.297656936606064     
   123.23511573444289       -18.271943419432176     
   121.30289984192505       -17.755666609279388     
   122.69532768297839       -16.319997877482411     
   121.73609299278986       -14.565042376867391     
   123.66163560148644       -15.105676876408410     
   121.66427079495216       -15.003042429859935     
   122.57532451485372       -13.222598350577035     
   122.58869727633540       -11.222643058764152     
   127.56423691090349       -11.716612030301787     
   126.58773994101179       -16.620330381491250     
   121.85842220730228       -14.997507602004605     
   123.81183804334125       -15.426653930792536     
   125.68212600624007       -14.718118161874818     
   124.72046655395617       -16.471746143469840     
   125.78550919192463       -14.778912962288310     
   129.86993896836606       -17.662909044345056     
   134.71793049313482       -18.886419639219650     
   135.64344353528278       -17.113448796590244     
   140.63450246318894       -16.814566247470438     
   138.84958178930873       -15.912314515438275     
   135.55762902029352       -19.675696899221933     
   134.43048886260584       -18.023560384000575     
   135.69122953413918       -22.862003621152546     
   134.67857899929757       -21.137318463135291     
   131.76597580401273       -17.073238908449312     
   131.50078934204146       -19.055579984144199     
   130.02018658292877       -17.711029698841365     
   131.53965634587502       -16.410563767149146     
   127.63324980450577       -19.531459140843616     
   127.33146413756548       -17.554358887637065     
   127.89211400716260       -19.474169222988117     
   129.86489443831556       -14.879809923753896     
   127.88214658571242       -15.141937665509028     
   129.87588964396525       -14.983859780690732     
   127.89074164348044       -15.227144420919277     
   128.95486617935984       -13.533733965022821     
   133.44542273793371       -15.732574976612602     
   137.81357378831405       -18.165527175292464     
   135.84410858020919       -17.817379513998414     
   137.74821816795247       -18.429234625821557     
   134.78283159232586       -22.454962194484580     
   139.72515616190398       -21.697712005349846     
   141.58510261589817       -20.962457499566685     
   141.18739651180553       -19.002398864023490     
   143.17357598514374       -18.767683931200938     
   148.09346950018556       -19.659114130739610     
   150.08979640676174       -19.537957694344080     
   151.18067675011383       -24.417504812313947     
   149.02268103222221       -19.907177276362546     
   146.23385639619491       -24.057172113646953     
   144.26937799438355       -23.681906062935301     
   145.80185433934577       -22.396792740254675     
   145.72438023575131       -20.398293862778825     
   148.74537158339950       -16.414123776370026     
   143.75658368065058       -16.748780707249981     
   142.97536781284180       -11.810187611247461     
   146.18887845179313       -15.640768425346888     
   146.42726786212447       -10.646454609711963     
   150.69359439514142       -13.253839873472485     
   155.66074152007488       -13.826071853761269     
   159.62693481483103       -10.781517576263271     
   157.61452652682453       -6.2043773247128833     
   159.08563043328979       -7.5593139639631080     
   154.55726311476354       -5.4394343851890081     
   152.72017327995030       -6.2300676369725769     
   157.25114483210626       -4.1157599976841741     
   156.14005520766395       -5.7787331924340641     
   151.32602164285009       -4.4277776650958627     
   151.65842083953609       -6.3999619298243129     
   155.45620292390458       -9.6521690633952666     
   154.44756185158602       -11.379202122497517     
   156.13935086793788       -10.312501637754380     
   154.41651832462091       -11.328300844137203     
   149.91898645787958       -13.512839035070524     
   148.06553791553125       -12.761354836389774     
   151.34120079337546       -16.538924519494689     
   149.45745583811896       -21.170501458674870     
   144.89071591291537       -19.134602036907786     
   149.14713644523363       -21.758127194412381     
   150.98293780135279       -20.964506768219195     
   150.51334109332961       -15.986607720245864     
   147.56900311619506       -11.945460126256844     
   142.76927486680177       -13.346391506437856     
   137.90835340764542       -12.175305443027739     
   141.44865221490210       -8.6445428688326196     
   136.62728059918913       -9.9690713672792750     
   141.41835201868071       -8.5388145185521296     
   143.04261816453376       -7.3718700094019969     
   141.86514574338818       -5.7552195532298605     
   143.11666002623195       -4.1951836562588882     
   141.98162441113004       -9.0646491456581373     
   145.91076144511320       -5.9724198255426266     
   148.17274574762976       -10.431503477501703     
   143.92000593313421       -13.060990893368970     
   140.47792396389752       -9.4344123795276147     
   136.09347662666605       -11.837872707272544     
   134.16541522828837       -11.306290875297528     
   132.85323345686635       -12.815654648132888     
   132.37756977624568       -17.792977629710276     
   136.01317990933265       -21.225518810846388     
   137.56150831087302       -19.959549158373058     
   136.17563076351894       -24.763645683604398     
   137.62418656182618       -26.142662035643216     
   141.96260858616483       -28.628239300331078     
   145.01966414576310       -24.671673705584883     
   142.11852122801204       -28.743942087062557     
   138.55301399605952       -25.238637795150890     
   138.40078566462498       -27.232836013761229     
   143.34049071459756       -26.458682269808989     
   147.93616064281977       -24.488956930876142     
   149.37513291613843       -25.877970536504296     
   149.29821979681111       -30.877378938713036     
   151.59919345733258       -26.438288917820639     
   151.00653131464406       -24.528118353545324     
   146.93091904677027       -27.424561800594923     
   141.96956927663305       -26.804071302392632     
   146.60800645310067       -24.937282465924191     
   148.38559136407528       -25.853902280392212     
   148.44442776731205       -27.853036662482161     
   147.19388765573299       -26.292219751588441     
   148.82366668262202       -27.451452395846125     
   149.63725744236319       -25.624413787698010     
   150.60945279038049       -27.372222760467494     
   147.79637960274036       -23.238626355279855     
   148.46462353417382       -21.353566661768181     
   146.01203450171428       -25.710722504500819     
   144.55084443814096       -24.345100449130243     
   146.97656783206298       -28.717269935344088     
   147.73114699167442       -30.569460609081563     
   148.20463284639220       -35.546991236348681     
   149.51642780270350       -37.056691204089354     
   149.39364597566043       -39.052918802072099     
   148.78265427855240       -37.148531985780558     
   150.67068159881603       -37.808344715225942     
   149.01468772506138       -36.686879472747563     
   152.27763997511119       -40.475433631512480     
   150.66910488000414       -41.663968379767240     
   150.09538731681508       -43.579914140400462     
   154.99321166339411       -44.585556556996785     
