   1.8430383636403513       0.77666568750646892     
   3.5709646415227940      -0.23044442474706617     
   7.2381889215937329        3.1683003552648406     
   9.5946160286145670        7.5782041285117590     
   9.9847759217964622        9.5397788168048887     
   11.927991877178243        10.012971959981826     
   13.224748266151810        8.4903351458806302     
   12.843368308645786        13.475768861016427     
   10.912090852170087        13.995545145689700     
   12.416353910012601        9.2271919023980189     
   13.452365107620190        7.5164374494060979     
   17.236933951063154        10.784011269420082     
   18.891555042650758        11.907500941501427     
   22.923076334382923        14.865005983645940     
   23.583548197775666        12.977209141380724     
   25.570378396713355        12.748067786341478     
   29.399009338559747        9.5322342845667958     
   33.901249507969496        7.3574162560979195     
   36.729702272956423        3.2343282196575380     
   31.935341058619588        1.8151381173588295     
   33.736693346265760       -2.8491013636060911     
   31.761756574240575       -3.1647352440795666     
   33.738833992129450       -3.4666704750047921     
   34.189738491882636       -1.5181620372241569     
   32.682574657761364        3.2492751335329850     
   32.839126061411065        5.2431386338798136     
   33.922781237941244        10.124295408495779     
   35.290539956136790        8.6651051916974104     
   35.937307744969615        6.7725694780771111     
   31.229084635509867        5.0895260586879436     
   30.466535060420693        6.9384495686069778     
   35.035556444049369        4.9076754314996780     
   33.203869157945135        4.1046052689832830     
   32.179757677732098        5.8225097122209908     
   30.848803305752060        10.642111403202023     
   29.416364599947947        15.432530941626005     
   27.983544547488879        16.827889926715933     
   25.414699169898928        21.117532502273335     
   25.919980891447757        19.182412252296956     
   27.447292630994529        17.891165238653706     
   28.398059650513744        19.650722590544955     
   30.398658117198298        24.233037046701298     
   35.215492051638641        25.573973603002145     
   35.897009126468014        27.454275301325055     
   35.760808793819244        25.458918323391941     
   35.279108415964920        23.517793714827359     
   37.103825337556273        24.336578275049515     
   37.362931163302797        26.319723295229384     
   34.533202504108118        30.441935773417800     
   36.686115215816045        25.929179757880686     
   35.723333145688137        27.682191647583725     
   34.143568906375720        28.908709053978622     
   34.561415028407239        30.864573215494758     
   31.197092537253965        34.563401972752956     
   30.705768457918182        36.502113052069532     
   25.725415668590127        36.944929146890253     
   22.663592040717649        40.897806082971343     
   18.272669461323634        38.506195976418056     
   22.854314904199224        40.508326101004705     
   21.750299353917068        42.176004026964989     
   24.336104436880923        46.455444653135459     
   25.238186259053290        41.537493007774742     
   23.367944088543933        36.900447156842446     
   28.336060909078849        36.336696096960495     
   33.211208841625911        35.226321099141231     
   29.849274204535167        38.927320355548822     
   31.971642033647530        43.454522007557365     
   32.692341620179008        45.320156512484139     
   34.876173987518300        40.822281882021294     
   39.799574345289699        41.694135606619881     
   39.874632468338319        46.693572202693922     
   38.627500174807729        48.257113389370218     
   42.572563541111187        45.185228782837861     
   44.290194092918675        44.160658000755184     
   46.265787742062855        44.472153961340844     
   44.337341500785946        45.002337980814232     
   45.318477305052362        43.259532043945043     
   43.802601650792674        48.024206324609224     
   48.171507996888934        45.592610688192714     
   43.869707259631291        48.141043621767693     
   48.690353758738034        46.813878473547661     
   49.995870747667688        45.298746336862528     
   51.768397158891801        46.225110261847171     
   56.768089356193265        46.280589377223031     
   61.741070860933725        45.761498871136361     
   64.902105360752671        41.887500821194365     
   65.499078443488273        46.851735217200378     
   65.050799959703326        48.800849477826333     
   69.179181626138174        45.980128857799485     
   70.603130201451890        41.187178779313165     
   70.053351040158432        43.110130383958342     
   72.015031651127657        42.720503407803697     
   67.752042387988155        45.333341432319827     
   67.692990966331266        47.332469474642352     
   62.720882080645296        47.859852854056847     
   57.828767553636126        48.892914059710129     
   59.824088228611686        48.756182922016237     
   63.309323675540263        52.341309681207960     
   62.708599616764822        50.433659135324788     
   61.347974224404240        55.244968576803643     
   59.440669416547934        55.846789455411411     
   61.411455783086282        55.506200116960301     
   65.996454434481350        57.500639227764481     
   67.896861389337090        56.877378924250834     
   65.795106384175298        61.414186821691210     
   63.178350179176604        57.153601537531202     
   63.665166681921477        52.177357000467609     
   65.034531833622268        53.635039778477790     
   63.160820151856491        54.334471357414898     
   61.631060026238480        53.046125923119746     
   61.380774933801554        51.061848378897707     
   62.880165869301990        49.738282429449356     
   61.419900077483618        51.104892767931048     
   66.419448283620326        51.037678673314154     
   64.471764279108314        50.583226235133822     
   60.428046001679526        47.642419799343060     
   58.790579252145328        48.790767588198818     
   54.103457663112124        47.049822095192532     
   52.119895606825814        47.305715762291257     
   49.360115305509176        51.475081743884218     
   47.629201559009630        56.165917234730053     
   48.224447699333759        54.256550315453083     
   45.558227736147316        58.486357770634235     
   48.789891809574328        54.671079626576955     
   44.217709860008803        56.694727871719174     
   47.910163648520637        53.323409877268844     
   45.989505247791463        53.881147546526037     
   46.502924386545516        48.907577321027958     
   44.515833363406500        48.680708932396278     
   41.425102467029255        44.750393102061636     
   41.571471843296024        49.748250243446464     
   38.306749865987584        53.535279476351761     
   43.267817512455657        54.158021643839824     
   42.196184135843403        52.469352965226214     
   44.070583370740366        51.771766047188265     
   47.173463737538150        55.692497283748715     
   42.385020723739004        54.253465142482185     
   44.385015849362823        54.249049547283818     
   39.628624880520526        55.790719081105976     
   37.632512669951630        55.915362744473860     
   35.632686615649369        55.941739865883292     
   37.128044069106153        57.269861127813556     
   36.680122538952865        55.320664805524508     
   36.641163160928713        57.320285311236525     
   34.931331922023787        56.282751150611027     
   33.928303746044826        58.013050106916644     
   37.886915978350800        54.958645223107439     
   38.625955846227470        53.100199616238939     
   39.267819371641053        54.994404255327240     
   42.347026302650562        58.933755049052394     
   42.909302441182462        57.014420387239177     
   44.717102773111129        57.869907359599708     
   40.962341138554635        61.171689464412601     
   38.017599484213633        65.212542912533308     
   36.146511199235249        65.918962497352865     
   40.990835425254119        67.156913543722084     
   37.627823628477124        70.856934037548939     
   39.930767037843687        75.295002497279498     
   41.857508448719408        74.758656027526371     
   45.752123787185994        71.623058578015232     
   44.492060345334494        70.069919781091613     
   49.205394101259706        71.738597372855793     
   47.406125058496308        70.865309956392423     
   49.387218318284262        75.456090880812880     
   44.460536330878497        76.309205524323119     
   43.118888588279262        74.825972118962255     
   44.777260026611195        73.708025710351862     
   46.489564377282584        72.674578173864489     
   48.466432958193998        72.371278629180864     
   53.442007510385437        71.877661494566453     
   58.334023790138716        70.844135143364483     
   58.963542901025072        65.883922880867161     
   62.113131804283000        62.000613758420876     
   63.349097226004197        60.428230383950918     
   63.423154509849532        65.427681905739036     
   63.149651149789378        67.408892624475385     
   59.432513894338236        70.752975551697304     
   60.323953376723480        65.833083718613494     
   62.268688873110264        66.299992541718439     
   59.235978304418488        70.275249339278218     
   61.300455750048961        74.829141397340535     
   63.286188155497250        74.590673760222742     
   61.290583616188350        79.175165283029799     
   59.309506140996788        79.449632106687304     
   64.264740367866082        80.117205141540481     
   65.658497671666353        81.551583256997986     
   61.419944279270176        78.899288940786676     
   62.989461793736901        80.138891607685309     
   58.437917991383486        78.069242116767043     
   60.353336375757024        77.493766302502138     
   62.165768413354094        76.648136295293469     
   61.497684784598064        78.533252807604626     
   56.635124655816334        77.368989523814321     
   56.054711225492426        82.335187289701182     
   54.600661726032762        77.551283020893010     
   55.759190285724458        75.921003420217502     
   50.854890414742336        74.947431247502621     
   49.951710239531074        70.029681195791440     
   51.163892998015186        71.620471238516700     
   51.603891816776368        69.669471228396560     
   46.942610656495667        71.478464856028282     
   46.194613144950914        69.623606445603684     
   48.103270677624771        70.221123326509442     
   51.452752626028307        66.508850346606309     
   53.422594568989084        66.162840636117565     
   51.721693208080062        70.864641839960385     
   51.190194395901443        68.936557554289053     
   53.064734490644639        68.239349240224897     
   54.177034917265424        69.901512818498475     
   55.703932837020091        71.193249147107707     
   53.610037396175088        66.652808432506475     
   55.594094278387786        66.400780084608016     
   57.399481435771939        67.261348043546974     
   59.181519463684332        66.353416070834200     
   58.616058504930102        64.435017284313332     
   62.806141404820039        61.706793449645438     
   64.801450545980998        61.569894102680102     
   62.850952080055130        61.127677261728934     
   64.742646131340265        60.478451864557485     
   69.642559419064227        59.483037492154637     
   74.323821446439524        57.726396996477121     
   76.315782031345108        57.905542267647206     
   74.936600352017649        59.353940657389302     
   73.379076918092380        58.099300966970716     
   72.777931556485981        56.191783141570617     
   71.468061309904314        61.017157731912810     
   68.122862325562153        57.301024828590300     
   72.512362197999494        59.695245133798771     
   74.493911101628498        59.966287459878480     
   75.136592258265097        64.924811527673683     
   74.228157331192136        66.706593215556339     
   70.838545218831996        70.382260464878755     
   71.348008283382370        68.448236838896136     
   75.601469677465417        65.819916810999032     
   72.836853579288274        69.986077853217608     
   67.852515193573652        70.381515404155465     
   69.836733656581657        70.632268452109344     
   67.303225594158533        74.942875938025566     
   65.970858935991785        79.762087397196623     
   67.549684437981966        78.534361843880461     
   66.400807773260354        73.668143352150139     
   68.514267762110080        78.199510350698290     
   63.869598655104539        76.348281330174814     
   63.304645033466763        71.380301116305361     
   60.209520568924574        75.307157944481361     
   55.319534532161349        76.350247854441506     
   50.402201728896024        77.255696970588190     
   48.240037492798827        81.764027683406653     
   46.251526605305997        81.549961221011259     
   41.295457157060810        80.888617419217780     
   40.939198268754289        78.920603292108268     
   45.369156505324924        81.239109281369451     
   45.557496698606641        83.230221526220205     
   50.550707445345651        83.490695015562338     
   48.631614014527642        82.927596086606542     
   49.774721508621852        81.286466823889654     
   48.565014486165872        82.879140337143610     
   53.329692444154389        84.395004432852190     
   51.718960459894198        83.209448666605311     
   52.508433092407635        81.371859767391911     
   57.019122247332810        79.214620015384639     
   55.390460290077712        80.375421561295909     
   59.490923801942543        77.514268124678935     
   61.997917146573670        81.840349997456570     
   61.085702263280112        80.060500563740973     
   66.042768696921954        80.714329572321432     
   65.796306778706352        82.699085608430025     
   65.748352217621772        84.698510615793694     
   66.111922330717860        86.665187196440172     
   63.678293720003644        91.032961433407237     
   65.650837346694914        90.702701473981861     
   68.675642071695265        94.683977196111087     
   63.677907559661122        94.533478866476443     
   62.064111344254336        93.352097566836591     
   61.439674074431849        88.391242993675164     
   62.961002963805569        83.628307091276639     
   62.458525238585274        78.653619549766375     
   57.609827329602140        79.874327781663993     
   57.399207772754195        81.863206712688495     
   55.760673246226546        77.139309528648937     
   57.416705670062157        81.857101025865106     
   59.384708020219684        82.213424965243931     
   57.054340307506216        86.637154876025392     
   52.371141245088914        84.885685052770157     
   47.564227436209734        86.261759045695911     
   47.055981575801852        88.196102899662478     
   50.663074153722640        84.733606237670045     
   55.245009746140134        82.732140218238854     
   53.554557696943007        81.663322240580712     
   53.399052430217061        83.657267603929597     
   55.135019799405519        78.968299989079512     
   55.923269867490021        74.030824740517275     
   55.124743754793684        72.197151910554936     
   55.342929609005026        74.185215021480261     
   56.285190100901197        79.095626935506573     
   53.068360870246607        75.267832570496068     
   54.470991042745084        80.067064654819234     
   52.504303862566871        80.430577426703067     
   54.488762196509832        80.679425012273683     
   56.451784122755022        81.062236868255994     
   61.157764777413995        79.372933438443724     
   61.677875503978562        84.345808344583276     
   63.150679945905097        89.123971911879963     
   68.002233685586646        87.914663716678248     
   71.190683843652479        84.063198334576271     
   76.016217656921143        85.372481885607428     
   78.780392580095466        89.538935652792929     
   80.751071274732567        89.880147438204006     
   81.947991577405162        85.025522654654807     
   83.918404321587076        85.368266899778604     
   80.462950048425412        81.754427422700417     
   82.253786878295585        80.863976161383690     
   77.872685390075475        78.454422312656590     
   76.786722740702899        76.774932769918166     
   77.752961502138348        78.526041748794029     
   79.567927142458316        77.685863360320525     
   74.574559087533402        77.943303582615698     
   75.973131521587646        76.513619999894132     
   79.448617990531261        72.919041609569362     
   77.935708030310082        68.153424812945488     
   79.446856163153655        69.463551265087943     
   77.978634959975622        70.821611093865187     
   78.152847552923404        68.829213048177934     
   77.521374359345387        70.726906807927477     
   82.501138773723014        71.176291250580192     
   80.501482643752198        71.213377122150447     
   76.946319746887610        74.729172448496598     
   75.258969871579538        75.802881160530646     
   79.965854391500386        74.116097796808589     
   78.649101214725690        75.621475181869798     
   79.404720506111801        80.564049357993525     
   81.033087152877656        79.402833588336335     
   80.810287260198237        77.415282278854733     
   85.749024516579439        78.195586266049617     
   87.822820684631694        73.645930295168768     
   86.030616859162151        74.533627004621025     
   91.030602311605875        74.521565688313018     
   89.129497937198963        73.900435945335843     
   94.033546342605618        74.875274002362943     
   98.518802131939765        77.084907570229916     
   100.30778612504440        76.190739648407956     
   104.29330361737566        79.209953174861766     
   104.59390967563301        74.218997755531817     
   100.32673899175968        76.825001277151088     
   96.501680802868279        73.604919003109814     
   101.50018036371077        73.727402227501699     
   99.624210670934886        73.034049711254482     
   98.935004685553636        71.156552678043866     
   96.041493043033014        67.078858430727422     
   98.499995281167088        62.725036346042543     
   98.797735996883034        64.702749789948143     
   93.882341251760522        63.786837949418711     
   97.087316874086270        59.949113198958138     
   98.079544060954646        61.685628447851528     
   99.737615186275917        60.567236681351133     
   98.431521204221667        65.393634769992559     
   103.10013766389764        63.603657018051877     
   99.592232001428130        67.166604935607552     
   97.642336940969770        67.611474864013715     
   98.861812379385938        66.026268361661522     
   99.505185649146000        67.919960743163401     
   101.01193016429053        69.235149309902724     
   99.170626934479287        68.454378910946232     
   97.199632639067346        68.793762893263576     
   93.651678465899636        72.316832745693674     
   90.436669780667856        76.146156335295913     
   91.819994636843774        71.341324148602411     
   90.413387585665333        69.919544769241782     
   88.418066489743552        69.782819774564445     
   92.914761409278626        71.969080234945935     
   96.192400686538917        75.744935206758370     
   97.916153965930874        71.051463716295743     
   96.605774335136132        69.540535119968894     
   95.019445506242292        68.322519994192419     
   90.286981723618268        66.708894713604678     
   88.980779947327562        61.882525796953672     
   91.374471193596435        66.272314199318387     
   89.834756686950840        61.515289999461388     
   93.244046077798870        57.857866610044859     
   93.362274886123743        59.854369039014600     
   97.642930156567743        57.270575228429088     
   97.478869568847074        55.277315555542302     
   95.576465420309347        55.894452862489842     
   97.063353188277361        57.232049500294778     
   97.711582031077526        59.124085273572327     
   97.544865908705177        61.117124594444128     
   98.755667595124052        59.525283121129270     
   96.186329157841016        63.814630390201799     
   94.290309666492803        68.441196080692720     
   96.180135322029983        69.095840252494085     
   97.062078665776980        70.890882296129931     
   97.062945853597583        68.890882484133613     
   96.709131740272412        70.859337607628163     
   95.854682649084637        65.932886882149589     
   95.376148430328755        67.874794449846803     
   95.864156483841569        65.935246012785584     
   98.836102088999453        69.956133889857355     
   94.976917314881618        73.135236417178078     
   94.151405025211531        78.066618521578789     
   98.454837270218022        75.520941615009860     
   94.536606829598512        78.626979318290793     
   97.797259558948667        82.417512760773718     
   102.62821611832261        81.128381766094819     
   101.45985565415762        79.505133841168941     
   99.617884373220477        84.153482128485933     
   97.629061456671920        79.566044564157536     
   95.580850533082668        84.127275978204594     
   97.546416167607276        84.496805051994272     
   98.458610331795811        89.412891077159045     
   99.582580936175006        91.067185513011211     
   104.03696262280535        93.338415089652969     
   101.95619646699922        97.884887590928201     
   102.14494890382591        99.875960798420081     
   101.69415244330315        101.82449423441243     
   99.702636452725116        101.64047233552006     
   101.56773024497518        102.36257007551808     
   103.46468073470253        101.72886759049599     
   99.051846654051104        104.07980259100989     
   100.91005746444947        103.34017255908942     
   105.51417058556324        101.39026426176157     
   106.40901217812493        99.601617140549109     
   107.28886312062295        101.39768571356778     
   111.66271628334036        103.82037193158838     
   109.67532200011108        104.04456819156523     
   114.62092572751844        104.78009777727505     
   119.25775623254073        106.65087378409541     
   124.22563928489728        107.21668115247142     
   122.82258096109118        108.64196264747457     
   122.72889840886684        106.64415795746888     
   124.53319065899248        105.78129674259330     
   126.24462889076311        106.81617798159313     
   124.96314926721078        105.28066179007310     
   123.06130945191886        104.66178755650832     
   123.80074882367286        109.60680822537311     
   125.63436968129658        108.80816277807672     
   124.66066511086566        113.71243636440140     
   123.13436923431195        115.00488400249553     
   125.12941440539123        115.14557787355331     
   121.20114024629197        118.23890328982509     
   120.35625926539325        116.42612196597061     
   115.77219965997249        118.42271845348371     
   117.13884919439676        116.96248934472786     
   120.33981351448963        113.12141821527811     
   121.76350125859514        114.52609369640669     
   119.84580021614553        119.14371458944107     
   120.51353311243182        117.25847381457514     
   124.44635944427880        114.17093805874478     
   120.29657195603637        111.38180489547942     
   121.10229870632404        116.31645831835229     
   123.08985736405563        116.09372398764373     
   123.01908997368004        114.09497638565406     
   126.12216941718793        110.17440270731581     
   127.05338067193415        108.40441807488705     
   128.02446168215596        113.30921181892833     
   123.78996534007672        115.96797858736018     
   122.27675865299626        111.20245600088815     
   127.23094003854769        110.52711401414679     
   129.22297883552170        110.34884054065644     
   125.27730169485652        107.27774433545019     
   121.44427327680567        104.06715355703967     
   126.25996572340587        102.72212334929050     
   124.26209924490304        102.81447882598100     
   123.66690205224508        100.90509664793176     
   118.67302360727543        101.15243867199453     
   123.36022182043769        99.411699486898584     
   121.83256584340158        98.120859754078950     
   121.67177513506650        96.127333644866155     
   117.53930164269904        98.942056159587693     
   113.66310558407110        102.10039498167079     
   112.61520494877126        103.80389263606841     
   112.06240019029721        101.88180863712132     
   116.81828251956097        100.33857071956074     
   120.18517886743085        104.03505675128065     
   121.55120223211989        102.57424185297093     
   117.08538112364909        104.82289518933395     
   121.29985881919355        102.13250901746972     
   119.39227065911712        101.53158688313263     
   115.12861191826703        98.919841462619246     
   112.91955071865992        103.40537918026141     
   110.94209155170648        98.813031714854219     
   115.86320506789285        99.697702139819270     
   113.88815465084990        104.29108606130227     
   118.41471037063995        102.16734094579618     
   118.27048863456720        97.169421369528052     
   123.11138153908851        95.918119692491217     
   126.89600359035597        92.650607499849841     
   131.58201905669381        90.906686902677336     
   133.25401280714723        89.809218498373738     
   134.98980757746514        88.815731449974507     
   133.70991967526564        90.352574629288313     
   136.58490551343397        86.261797633370364     
   134.63095480699403        85.835093242951402     
   132.26527509855413        90.240040406888298     
   133.11933125811717        85.313521547053043     
   134.82584138618913        84.270533923546495     
   129.82586335598322        84.255711728761923     
   130.51518752632938        89.207966991586787     
   132.42875715533714        84.588632485952985     
   130.48287011864218        85.050718668848077     
   125.87609592689881        83.107105655337605     
   127.23325929082719        81.638055757066411     
   122.37475177882312        80.456994896737839     
   124.25103706006007        79.764496850954600     
   123.76857267952541        81.705431708572263     
   118.81322240103339        81.038720663629206     
   120.53658883548620        80.023827500482753     
   115.76780565464880        81.526727022793636     
   117.76456102056333        81.640604187719234     
   122.52898689303962        80.123947962439900     
   123.05455774067306        82.053656563270053     
   120.91306140907410        86.571841316215441     
   121.65491922415374        88.429163846689150     
   123.65488790308042        88.417970843863316     
   128.59449826434744        87.643213153444265     
   124.09600765641481        85.460649924041277     
   125.71685879197338        86.632333156130272     
   130.63184061567296        85.714208070587517     
   129.98098176538440        87.605340735685616     
   131.02265099587208        85.898025529212262     
   130.27119049865723        87.751483681188077     
   130.21368678661162        85.752310521328994     
   128.58036480579671        84.598075143692867     
   128.47831785792735        82.600680235210689     
   129.64475732442781        84.225309106981129     
   125.69446632553446        87.290468323736789     
   124.92346416726798        89.135883093361329     
   124.84474739133701        91.134333410278671     
   126.17335918008588        89.639411768587195     
   126.76531810938572        91.549800374610115     
   123.53881578742630        95.369444699202461     
   121.02763134508700        99.693095089388180     
   116.49379421350535        101.80125088635658     
   117.16699766317690        103.68454510536495     
   118.97441449947215        104.54084200473835     
   119.96019679029953        102.80066003865231     
   120.72731478090016        104.64769279106815     
   119.84860949611350        106.44432214140394     
   121.12769754602598        107.98183108790509     
   119.45963580769350        106.87839552698128     
   121.02213218098238        111.62798551807094     
   117.02837728682461        108.61967671653630     
   118.46342745125976        113.40931459695635     
   120.04157798468403        112.18072154233953     
   125.01753193786250        112.67049930403095     
   123.69342367800728        114.16941134820939     
   123.72680843936513        112.16969000319428     
   122.90195786592865        117.10118283310912     
   122.02032836228892        115.30598662703248     
   120.48905321769431        114.01944225098215     
   117.20855643845681        117.79281486462799     
   117.70340994138752        115.85500166139161     
   117.77338345180500        113.85622610924979     
   118.75884572853499        115.59658931879605     
   119.83674632358976        117.28126445281464     
   117.94746385984581        117.93747461136873     
   114.38678029737011        121.44767867494043     
   119.20496507512424        122.78375331635026     
   118.72113707594174        124.72434870622602     
   119.61604256638405        122.93573355388715     
   121.96394269974184        127.35018311909667     
   120.27993717952559        126.27123668489281     
   120.73522217240321        121.29200827325508     
   119.11437878193510        122.46370221946111     
   117.33417983343760        121.55216960689675     
   120.50221757290979        117.68389649331235     
   121.86901237468597        116.22380335592774     
   121.03706483879648        114.40505012980623     
   116.69952939664454        116.89217422966047     
   112.01403220040592        115.14686164331954     
   110.10917384843872        115.75638166673205     
   108.23744874956878        116.46111222110044     
   110.14606859958074        117.05874945901346     
   108.67984217609656        118.41896270519096     
   108.14595073944369        123.39037698423357     
   106.43453233599186        118.69239368835795     
   107.97359670923568        119.96960974486977     
   107.31615069401288        121.85846250172185     
   106.29201095604078        120.14057490437840     
   106.45586357403015        122.13385168384933     
   106.10629797102071        117.14608626342380     
   101.12991788498628        117.63151518645996     
   101.81171827747080        112.67821848377720     
   100.21564976708819        107.93980468692861     
   96.827450447051817        111.61677427718973     
   96.249314801256986        113.53139151702160     
   98.248971583507540        113.56844220121685     
   101.31871245176995        117.51517388727299     
   104.43224700082190        113.60289800080231     
   106.43166363973262        113.55459578504588     
   105.25219913380177        111.93939812554743     
   105.44225252671819        116.93578479071266     
   107.14622337898160        115.88865378905302     
   102.26259251651936        114.81620351085536     
   106.25159159581472        117.83081564932041     
   108.19448964649138        117.35631890046241     
   106.21495174419417        117.64167778567325     
   106.16194102584682        115.64238044317007     
   110.93392719199628        117.13507868128728     
   111.87703130493567        115.37140222792154     
   116.77768945324620        116.36314297700751     
   116.28300806445206        111.38767412235866     
   119.77333251157202        107.80750160502981     
   120.18762878484773        102.82469530757555     
   119.16770611821138        101.10430065689758     
   119.86792121191625        102.97771967637716     
   119.92757328445718        100.97860946674849     
   119.75477258087265        98.986088471416025     
   121.31460598917043        100.23785511834274     
   121.80539385212991        95.262000691857608     
   123.17605954240422        93.805540748877760     
   124.66901798047012        92.474723292496975     
   129.00908519186959        94.957426778726273     
   130.64949041589216        93.813280502676108     
   131.06953259271251        91.857886790481032     
   129.06964057905492        91.878669805388114     
   128.79729553866883        89.897299527278264     
   123.89546638793354        90.883236126153477     
   127.82727032715931        93.972073736564340     
   122.96492018757301        92.806933779278054     
   123.17067512798009        90.817545706402854     
   119.54115635133445        94.256527161714402     
   122.20806127895031        90.027151545023656     
   126.94954404994594        88.440223338597306     
   122.41208357738664        86.339877543266951     
   123.32533577544375        81.423987957165181     
   127.95035889240911        83.323767198955139     
   130.25369942117371        87.761629568221494     
   128.45662584584943        86.883833142578723     
   129.24438889097854        88.722155580218242     
   124.24456438975240        88.764047786398962     
   125.21926302440575        87.017633582492891     
   126.85442615878939        82.292568342313388     
   124.98805351941687        86.931173000074338     
   121.32874282187979        90.338436596993532     
   125.33087417819274        93.335592683488954     
   125.31674761186133        91.335642574080296     
   128.32576898695029        95.328860620250296     
   129.31145841273687        93.588626051034836     
   133.33131707886514        90.615288481172726     
   130.29628731507142        94.588774901545435     
   132.27046827587691        94.268447671992348     
   132.33183365986091        99.268071086775549     
   130.02159990467538        103.70234893061905     
   129.33494855702776        105.58078176859163     
   131.14173450376808        106.43840904349703     
   131.67781884893552        108.36522340270925     
   133.67229422663834        108.51377631495676     
   138.44203775706012        107.01392743790294     
   143.31004543850599        108.15519919054731     
   145.26772139065380        107.74592560676479     
   148.78318793801256        104.19043760166599     
   144.21166399049440        102.16530333518683     
   139.25916503920232        102.85287452237466     
   141.00828409406111        98.168796968370046     
   139.46050487133064        102.92320329068662     
   143.61540050868172        100.14168531614088     
   148.57316508969700        100.79019927838874     
   152.09227605936906        104.34208018618025     
   151.31812664221442        109.28178591424940     
   153.31635974552768        109.36583628499876     
   153.39770118491066        107.36749107702315     
   149.21257237361209        104.63167367945462     
   148.11145633844612        102.96207987343462     
   146.12141126671727        102.76277956613991     
   146.22242999539060        107.76175898362676     
   146.80165410181280        109.67604721546110     
   147.92144775858307        111.33317188375165     
   151.27094908386147        115.04542738034105     
   153.05591484333286        115.94758991420881     
   148.06860091924995        115.59164072872200     
   148.40976785538496        120.57998766149323     
   143.51139620449871        119.57701449645141     
   138.51229877258211        119.48201520063840     
   136.51761388704057        119.33630244418873     
   134.73049373258482        118.43841517201140     
   134.81462044909711        116.44018528144103     
   136.02989483102542        118.02861475001329     
   134.03956468798427        118.22504774546418     
   130.97778469103491        122.17795847684691     
   129.28472463638641        117.47332802894203     
   128.80289167092977        115.53223632750203     
   127.47346845246331        114.03803623842352     
   126.94890161151196        115.96801800760537     
   130.59181816623948        119.39280398271275     
   128.64991177131751        119.87134296060398     
   126.88903351647411        120.81966135208424     
   128.06379699450179        115.95962732229675     
   129.98699293013956        115.41070347225349     
   126.98024036597302        111.41577681236623     
   123.57349654856239        107.75598220576131     
   125.42203979445908        106.99251127111499     
   123.86557375750071        111.74408085134795     
   125.55766186677258        112.81030682667436     
   128.69528278695330        116.70329218000467     
   127.88739025420182        114.87372675195230     
   129.70590911136711        115.70618646036719     
   134.59382530032377        114.65343989554957     
   135.56908026012067        112.90733630085894     
   140.50965949566896        112.13878128183357     
   135.54204779035209        111.57059650097537     
   134.20525883814946        110.08298253987222     
   129.20703738953588        110.21633302025876     
   127.29337259546863        109.63505248906273     
   124.99028336835441        114.07304527994809     
   120.96689624416472        111.10448400402593     
   119.56705922544019        112.53292942510733     
   114.78074648898621        111.08682763447901     
   109.78322390397416        111.24420619812251     
   111.77967339071267        111.12508673329195     
   113.45038899620046        110.02567354182135     
   110.73617775914755        114.22484695579888     
   106.99338378467969        110.90950485208060     
   105.12687903930149        111.62794763719342     
   106.87399417724970        112.60138931225782     
   108.85617109190073        112.33497857856925     
   107.80750056156690        110.63195476229147     
   112.61350306589158        112.01120815758360     
   116.22834742560113        115.46561118199693     
   112.17028038277699        118.38658565568625     
   116.85976150514381        120.12116537508955     
   116.39511164649227        122.06644183586707     
   111.39513673417436        122.05060276419246     
   108.08315436345190        118.30483544947261     
   103.08427743572918        118.19886629602907     
   105.03102581962477        117.74042248289611     
   100.68200624221640        120.20741026464913     
   104.55469328289337        123.37005078879547     
   102.38451146434254        127.87452754802416     
   99.719858289714224        123.64373288756813     
   101.63622054648499        123.07140806648798     
   100.90837014724853        124.93426442067403     
   101.35796804508271        119.95451927355424     
   97.571862561359609        116.68872606728385     
   96.558996909614436        114.96416723340349     
   97.753386986172970        113.35997511740912     
   92.916322752075487        112.09395395043958     
   87.948997256443789        112.66463549074669     
   86.177508866924768        113.59298288574456     
   81.947844479930495        110.92653596645434     
   83.886088758629057        111.41969832926431     
   87.717005355113230        108.20658799334646     
   86.577542237550773        106.56292628736348     
   84.000291404508090        102.27832850652328     
   82.016654611011873        102.02301483378315     
   80.767939777358421        97.181454004441662     
   79.753556629958169        95.457787322547986     
   78.126347379428054        96.620624394105832     
   78.102210149903925        94.620770050872082     
   81.121467922269247        98.606254024495811     
   76.731570145694889        96.212763370403451     
   77.846301845452544        97.873297392203497     
   73.083845702458049        99.396127483203131     
   76.027592753969259        95.354549413102418     
   77.371196118854101        96.836011527997741     
   78.460002352158483        95.158364072088858     
   74.007675558689584        92.883108894277157     
   76.201787118013584        97.375978185191457     
   77.933724064586585        96.375780998085148     
   82.933014325153721        96.460024042893281     
   87.449479638675982        98.605144335965505     
   85.690403344970250        99.556801098103264     
   83.388829907560165        103.99558017710780     
   86.715403889892656        100.26276548306410     
   86.805453518005251        98.264793745406934     
   87.130682238699649        100.23817315120692     
   86.263606681242337        102.04044393487403     
   87.391857763793539        100.38906587557869     
   92.136034088562909        101.96792337373925     
   96.514075392606813        104.38303296547325     
   97.644478045491510        102.73312695531654     
   99.503379140428308        103.47102038884387     
   98.349343137711685        101.83755753207797     
   93.349462505032676        101.87210690199134     
   98.188893598079190        100.61516350801743     
   93.601054153733841        98.627267828433361     
   97.374193849242914        101.90803250121525     
   96.900858467835036        106.88557743990816     
   96.410169854144584        101.90971322508130     
   98.305926377575403        106.53638667410162     
   99.507794638749061        111.38978885018217     
   104.49614363208546        111.04865204378369     
   101.82072333847299        115.27264615511085     
   101.89705597460019        117.27118895641931     
   101.72308995185429        115.27876936634046     
   100.42879723229510        120.10834557508755     
   104.93125016426676        122.28272309414442     
   103.03170613281192        122.90860844511879     
   98.228800387996301        124.29860715246247     
   99.732700108626148        122.98016654694038     
   97.743642568953206        123.18909261967957     
   99.599753186585502        123.93397742628568     
   99.268995597436998        125.90643767106140     
   94.286978721307833        126.33012133367322     
   93.546095675340737        128.18783291306292     
   91.561061589210709        128.43204527331915     
   89.718660669980068        129.21022189389967     
   90.148592801606924        131.16346493105476     
   85.787935299234007        133.60982266184533     
   86.261040375174048        135.55306006039439     
   85.877043991124864        130.56782718950089     
   84.334043135489296        135.32378643654116     
   88.863837516586358        133.20695794443759     
   85.978297483765559        129.12361878157242     
   89.985963233449226        132.11337048343870     
   90.497075630310349        127.13956267474978     
   91.749198310769444        128.69911029924862     
   87.025580935742397        127.05976930532987     
   86.367261089630631        128.94831768443362     
   88.143463807771155        128.02902235426481     
   93.058407973700525        128.94734900954433     
   88.821278342195853        126.29278077990224     
   88.183244945011552        131.25190503566327     
   87.893628068916897        129.27298561712163     
   86.048157833589329        130.04385500328249     
   86.335135438816579        132.02315888447356     
   89.805816430802381        128.42394043432796     
   91.561267228823780        133.10564872251999     
   91.197344748929950        135.07226013015188     
   88.376314394347020        139.20043015311867     
   84.198380815958714        141.94722301290543     
   79.484060129151686        143.61311030259318     
   82.879338938714071        147.28354376546056     
   81.536027645047227        152.09971597669917     
   80.185929370575778        153.57526151963211     
   77.091835370806734        149.64759270459777     
   78.931491559636029        154.29685771176850     
   80.303393660879820        152.84156233810620     
   80.202113082954099        154.83899625304181     
   78.260810001257468        155.31997686075400     
   80.100093644711365        154.53446067446438     
   81.872485638573664        153.60783959759809     
   80.168672640833066        158.30858648173577     
   79.612163732315508        160.22960127468781     
   81.163631972331544        161.49172103929874     
   83.695157294355440        165.80349324385128     
   84.364922267139562        170.75843167749821     
   86.287548262142394        170.20751491124454     
   84.945329750518340        175.02399178413137     
   83.222105342795686        174.00885748728740     
   87.122117989836525        177.13773929280859     
   88.444488472142439        175.63729392308466     
   87.711158459007834        177.49799999655139     
   89.688938017968695        177.20069877530167     
   94.646035251092215        177.85429423226199     
   90.597805067302048        174.91970186209366     
   89.087677445306028        170.15320266821092     
   88.661771643960051        165.17137526771020     
   84.328108495492771        167.66524048371861     
   80.774451060550930        171.18255747754822     
   81.309556441439042        176.15384123844385     
   83.931808754450145        180.41104604992614     
   81.993464444279368        179.91827700135613     
   78.702985458006594        183.68294804155303     
   80.585004035948870        183.00618658263261     
   84.850136610535174        185.61552445289831     
   80.533343953799587        188.13847929965118     
   76.678232375875879        191.32251992780883     
   75.041335632536473        186.59805497909295     
   75.063458493295897        181.59810392142930     
   76.894032959228056        182.40370749929946     
   75.402314270587425        181.07150055067612     
   70.643198144216740        179.53826420369029     
   70.054220483226302        181.44957404640397     
   70.044810661393072        176.44958290088650     
   65.567101216411018        174.22469680800026     
   67.067528230784006        175.54708811715946     
   67.823684431742478        170.60459605345798     
   69.817847541592229        170.45190849235894     
   71.416110672806980        165.71423448886316     
   73.168237132502824        166.67862697599364     
   71.342454592077047        162.02389625176517     
   70.913739478043198        160.07038573195757     
   71.074676183572791        162.06390006017628     
   68.408301253364897        157.83419029098894     
   69.363653180399140        156.07711809682277     
   67.610494510688511        155.11460332871869     
   69.541205820289008        154.59272801891686     
   74.345476020116351        155.97800338758944     
   75.720083387917413        157.43074375819495     
   77.411394481750150        152.72548427715904     
   72.635169834325310        151.24640411796162     
   76.183221129992688        147.72343207672810     
   73.679674701803293        152.05150962708464     
   78.661698677517762        152.47510979871609     
   83.176674951514357        150.32685719596012     
   79.944558801397065        146.51196202149583     
   78.445895727641442        145.18757197647082     
   73.940363244239876        147.35556114641915     
   73.896167866883232        145.35604951388976     
   78.317366693128747        147.69121566189835     
   78.551252771818383        142.69668892734231     
   81.820289884854560        138.91338397616639     
   80.466178925987393        137.44152001809286     
   79.726835457954067        135.58319517128152     
   81.712001766109978        135.34005996411764     
   80.498192306842725        130.48963043709705     
   76.507270541368385        127.47756412609672     
   78.064866710050893        126.22301473475912     
   74.005145444375941        123.30433982223006     
   72.901622375428730        118.42763634177307     
   68.382903484163293        116.28726731244170     
   69.090605950573149        114.41666387530239     
   64.484979692263551        116.36299549369869     
   68.752367107936252        113.75734689026839     
   73.751073498918728        113.64361731297647     
   71.920687638234384        112.83758530306197     
   76.539109597857816        114.75335632353077     
   75.732432135219241        116.58345781559916     
   80.606677321966060        117.69778894209409     
   78.607618112163053        117.75912633445618     
   80.267498610104340        113.04268734592318     
   80.865789109434729        114.95110252046226     
   82.516276196604210        116.08065658073862     
   84.406125322012727        116.73523299582905     
   83.335626117885511        111.85117408402598     
   79.458215035579059        115.00802113429737     
   78.461286869213950        116.74184183757320     
   82.540080421863223        119.63380365524417     
   83.924130119724737        121.07755101328485     
   86.071979837837148        116.56238306641903     
   87.345301601267991        115.02009525710024     
   91.542650713968484        117.73712680386454     
   90.870552470720213        115.85343788277842     
   93.352625228714473        111.51300992876021     
   89.877012621873774        115.10746635597839     
   92.226699201270790        119.52096530563291     
   91.660058135634472        124.48875333479987     
   92.553012138113260        122.69916311649371     
   94.811778116560049        118.23844834701883     
   96.795180809928155        122.82823197546367     
   97.043491509588122        124.81275756019025     
   95.744422168102489        129.64105113515149     
   90.802625678174536        130.40173993626254     
   95.780222438589732        129.92894982352317     
   91.180845926290601        131.89000456475583     
   90.697024961984980        129.94940742096261     
   89.168286808672832        131.23896535242898     
   92.606127335415707        134.86956482258321     
   92.764713513417647        132.87586213056849     
   94.706116808002363        128.26815627539764     
   98.852993178378355        125.47469670547056     
   103.84362304557601        125.78065998535018     
   98.933532581477408        124.83672585927569     
   96.991004457396315        125.31273477426990     
   100.02680139859569        121.33983445689412     
   101.53553253740405        122.65274357438477     
   102.85901489268507        121.15327885147202     
   101.41062224563439        122.53246656167303     
   100.89343648223269        127.50564651881660     
   100.78000492577371        125.50886578924229     
   99.272922294929955        124.19406468496490     
   99.219912626588766        126.19336205530838     
   97.759104530596787        130.97520685691836     
   99.032311506510865        129.43282428554261     
   98.718232774666674        134.42294999039245     
   97.715596824377101        136.15347625462161     
   101.11115718133124        132.48330325293878     
   103.05234407109332        132.96475258466108     
   103.37513115345713        130.99097232853856     
   99.306181846403945        133.89676852521708     
   99.924090729305703        135.79892220261308     
   96.742200405144985        131.94203563894385     
   95.055910498058438        133.01740829493713     
   91.569470443085535        129.43345297391531     
   95.110596388398207        125.90351996613266     
   94.554581040892543        123.98236225960825     
   92.816171952674054        124.97126763526326     
   94.655125465830309        125.75755637132035     
   97.196447626463424        121.45155106757593     
   96.450757335649357        116.50746915177137     
   94.111172243323367        120.92633117674636     
   90.541193448161337        117.42558105683014     
   91.879192716788523        112.60793038900945     
   96.800732379053045        111.72563375365530     
   93.291037114506565        108.16444867702421     
   91.409521733511141        108.84260785529848     
   89.090525773099074        113.27230962128596     
   87.670791079595361        114.68098041322492     
   87.646540452985434        109.68103922285987     
   84.096225412951156        113.20172993868630     
   80.899640373609884        117.04644632435891     
   78.900033679674692        117.08610826543064     
   77.126057576655967        116.16252351787442     
   79.646364376971960        111.84418429633554     
   75.579916477763788        114.75347999856753     
   74.265346593813533        116.26076431820036     
   77.310990393685216        120.22612102905289     
   78.504739200292477        115.37071540369843     
   81.274028643254866        119.53377149040890     
   82.954460932834181        118.44926823078298     
   82.109916069367017        116.63633029097609     
   82.733400408396363        121.59730471935053     
   77.947763760715290        120.14896709421892     
   82.588359664611957        118.28755105884760     
   77.802682825151052        119.73575587455824     
   76.190555905531312        118.55209764895534     
   79.050974701014368        114.45112162921964     
   80.683928990295556        113.29636611868152     
   78.757872674376131        108.68222404588977     
   83.592829922522853        109.95626816152841     
