  -1.8638905185968653       0.77666568750646892     
   3.0973201709562792       -1.7411095931273688     
   4.2198111458539564      -0.38161168112260602     
   6.0847760355067146        1.3823498281761617     
   5.3634568037946391        3.3439245164692921     
   6.5728890802519953        3.8171176596462293     
   8.5603323273618788        1.0525624393241895E-002
   4.8244850992076476        4.9959593395290369     
   5.2310508368729343        6.2954000512122201     
   3.3286494211940107        4.3880587538955478     
   8.2278552417087063       0.11117262141574447     
   10.086698281983114        1.4182021494213384     
   9.6664137558759258        4.2269263296247006     
   5.7366945964167941        7.1844313717692136     
   4.2036435345975196        5.2966345295039989     
   5.8554431372894609        4.7237811419058851     
   3.9552508872202043        3.4374477411960118     
   3.6136713893125387        1.2626297127271355     
  -1.2205974609910690       -2.8604583237132459     
  0.40033274637119676       -3.4281343646327294     
  -2.0012775174781030       -8.0923738455976491     
   2.7389154515793068       -8.8814585467813387     
   4.6986754940986772       -9.1833937777065646     
   5.5019396948834203       -4.3121226832549766     
   3.9557965683929299       -2.4051478149521195     
   1.7982898851214149        2.5795109359149517     
 -0.44085772005107504        7.4606677105309176     
 -0.55172526412446232        6.0014774937325486     
   2.2794278767966745        1.2701382096817992     
  -1.3611809612820469      -0.41290520970736799     
 -0.42932594108452871        1.4360183002116662     
  -2.5466731074450220      -0.59475583689563405     
  -2.1909049276192460       -2.6024312431866221     
  -4.5203565288964498        1.6923298649076477     
  0.44139518151324797        6.5119315558886788     
   2.3437662384635880        8.4280993712582717     
   2.8688779855883615        9.8234583563481994     
   6.0718033671241187        14.113100931905601     
   5.4333367090811882        12.177980681929220     
   4.3521031846060962        10.886733668285970     
   4.3153674503786403        12.646291020177220     
 -0.66179413304875023        17.228605476333563     
   4.3336277974540041        18.569542032634409     
   5.9717188128022674        20.449843730957319     
   6.1283429213318898        15.461451286124538     
   1.4288270884134402        10.608639764713082     
 -0.15117493699314410        11.427424324935238     
  -4.3052108550713797        16.385286875384910     
  -3.2456054845653926        18.034171866660277     
  -5.2454591807446374        16.229069460445430     
  -4.9595736822782230        17.982081350148469     
  -6.7867674010525905        19.208598756543367     
  -11.194180674947619        24.098259160333708     
  -15.484677144297631        27.797087917591906     
  -20.126727945303784        32.643865615883350     
  -24.990736168504355        33.086681710704070     
  -29.829976931135533        37.039558646785160     
  -32.361640893470764        34.647948540231873     
  -28.352499164271876        36.650078664818523     
  -26.640788973293176        38.317756590778806     
  -27.286714223566968        40.029532841246997     
  -26.813475460021852        35.111581195886281     
  -26.925605680229989        33.256762855513358     
  -31.918427797832681        32.693011795631406     
  -30.195624219770369        31.582636797812143     
  -28.206170092741093        33.063036500375176     
  -23.578476644004944        37.590238152383719     
  -23.147705377846055        39.455872657310493     
  -25.049041225290086        37.656722805125355     
  -20.060047374701472        38.528576529723942     
  -25.060047371039865        43.528013125797983     
  -20.128357576245008        47.436866092488728     
  -20.326022559536394        46.208112249875782     
  -20.011440808813205        45.183541467793106     
  -24.805796411255162        45.962281369257262     
  -27.677340392040534        47.287741417940722     
  -25.710398858743851        45.544935481071533     
  -23.893567473774883        47.450805193337210     
  -20.545534824417683        45.019209556920700     
  -21.601831223329295        46.038582730350690     
  -19.901842019215181        45.507716671062674     
  -21.865730864012619        43.992584534377542     
  -21.371029172293635        44.918948459362184     
  -20.025797563963515        44.941140105512531     
  -19.571138921472585        44.422049599425861     
  -22.837126953532064        40.548051549483866     
  -17.908504345641955        45.512285945489879     
  -17.770744793490483        47.461400206115840     
  -18.520569337178408        44.640679586088993     
  -20.267422189317873        42.723499554694463     
  -15.431655629845810        47.530878566307408     
  -16.345694893507762        47.141251590152763     
  -15.136176087104735        48.186386799959216     
  -16.757572629789713        50.185514842281741     
  -16.765827435412255        50.396468194047536     
  -18.150115514841648        50.809692676308849     
  -17.256471284451525        50.672961538614956     
  -20.378658642989024        54.258088297806680     
  -24.433783111364903        49.488961933098757     
  -19.881406370107062        54.300271374577619     
  -24.849248390843471        55.804823571097032     
  -19.849803354070374        54.953350224969263     
  -24.308585031819355        56.947789335773443     
  -29.267753075015811        55.389638576989320     
  -30.742014421308404        57.204361735965470     
  -32.364920549477063        55.500127622301463     
  -34.324714284475874        53.509629807476024     
  -35.733477711565214        57.153836752501476     
  -34.914047953098567        57.853268331438585     
  -33.828648900376102        54.632404745700711     
  -30.285069670372422        49.671710885145615     
  -32.239464123959053        48.348144935697263     
  -35.556398572413570        51.764670781901501     
  -36.356899479244120        51.737785144054740     
  -36.885960815527405        51.283332705874408     
  -36.923176067921197        50.107010131558098     
  -38.695609259214905        51.255357920413857     
  -40.695477426489035        50.558979723211344     
  -40.568853312095349        50.814873390310069     
  -38.568894039648129        52.482619782947253     
  -40.551320082836220        54.358953979285587     
  -41.885753250218180        52.449587060008618     
  -43.501961673012524        54.141510042081080     
  -41.624468924656689        52.615398784458172     
  -42.233719418736847        54.639047029600391     
  -43.825892762584438        53.290519831820255     
  -42.033927686397313        53.848257501077441     
  -39.267765250573163        48.874687275579362     
  -40.011264911605217        48.647818886947682     
  -36.649836623085235        44.717503056613040     
  -41.648784109031986        49.715360197997867     
  -46.359935466315441        53.502389430903165     
  -44.872113248068722        53.751486297898389     
  -43.195652895034378        52.062817619284779     
  -41.202924956951946        51.365230701246830     
  -39.315791209557723        52.933523195871011     
  -40.282586202959017        52.357910339364402     
  -45.052540949280164        52.346871351368478     
  -46.634787233585165        52.963539164897341     
  -45.812260054547707        53.088182828265225     
  -50.775921164838053        53.154125631788808     
  -55.756980646646305        56.474428786614475     
  -57.236045879376277        51.601437980891859     
  -55.734459899689995        53.601058486603876     
  -55.638181258404579        52.563524325978378     
  -57.635321366576107        54.293823282283995     
  -59.634787052302663        53.072061328760313     
  -62.174404354485432        48.425947311589056     
  -64.902141850361758        53.161458909309808     
  -62.959726980777909        54.737199226799866     
  -67.934806778067156        49.938862572266821     
  -69.878191449497677        50.794349544627352     
  -68.105677819281908        52.115062386552509     
  -68.697351601694820        56.155915834673223     
  -68.830486609556800        56.862335419492780     
  -70.752947949020268        57.357515838040470     
  -69.878309226208472        61.057536331867333     
  -65.465455433792272        65.495604791597884     
  -66.991663513088582        64.154738617215074     
  -65.090411788624039        62.900499637410618     
  -61.560697960294796        59.017652645101570     
  -61.717771859237189        60.686330236865750     
  -63.192413867993125        59.813042820402380     
  -64.416666007287986        61.649355190170560     
  -63.176599013949122        61.990601047574650     
  -62.241613157771319        58.282517534172491     
  -57.245540929573671        55.487651512646515     
  -52.693223877404222        52.904032671428077     
  -50.825026144430481        52.600733126744444     
  -54.426248659147447        52.107115992130026     
  -54.292359049180774        51.693705451649237     
  -55.924388250082927        49.709620546650306     
  -57.409758629850451        45.826311424204022     
  -53.529746197945911        41.895352988029124     
  -54.057795355607816        43.895133596744365     
  -57.889915389338242        48.848160393585246     
  -52.890566152956730        52.192243320807165     
  -54.198607800561383        50.224286587573644     
  -56.041737486460100        50.691195410678596     
  -55.474200153201757        52.281298129702506     
  -55.363323478489811        54.102854952927437     
  -56.164604056140483        53.864387315809644     
  -59.936401376214562        58.448878838616693     
  -61.103872808762404        58.723345662274191     
  -61.382457353159460        58.990374876215462     
  -60.169964048882406        60.424752991672960     
  -58.811701770472048        59.363835265188435     
  -54.163178954504019        62.462841932435005     
  -56.122513169219658        61.634982136067698     
  -54.766561275344344        61.059506321802793     
  -52.045874319980783        58.945431303781135     
  -50.072057656789703        60.830547816092292     
  -51.218500069417232        59.666284532301979     
  -53.338660301555961        64.632482298188833     
  -52.768610908769240        62.718920590665562     
  -52.114940999585372        61.088640989990054     
  -50.431196799041984        60.699212120904100     
  -45.676036539634325        55.781462069192919     
  -41.120359125967937        59.758437176006076     
  -39.270393044586008        57.807437165885943     
  -38.603171428349945        58.531034616938634     
  -39.098519017867090        53.893888590877140     
  -34.228670379828344        55.387680793141541     
  -31.730332759055841        51.675407813238408     
  -30.787174843434503        51.329398102749664     
  -25.833706849415442        56.031199306592484     
  -30.285842494033965        51.210988592414161     
  -28.304942042453767        50.513780278350012     
  -29.944004219921666        52.175943856623590     
  -32.911805161511950        55.405284678146685     
  -29.559241792356595        50.864843963545461     
  -25.950718318399140        50.234773093799319     
  -23.954057529219597        51.095341052738284     
  -18.962883716208417        48.825511120956364     
  -20.176894680038298        46.907112334435496     
  -18.177286982525338        45.815822800568341     
  -17.456495720669707        45.678923453603005     
  -18.716018711468930        45.236706612651837     
  -23.422624699371106        43.613643119723214     
  -24.821239689504011        42.618228747320373     
  -27.235315545645477        40.861588251642857     
  -30.715003979065312        41.309451429568071     
  -31.706957530605656        42.757849819310167     
  -33.402643199377337        41.503210128891581     
  -33.774415841496229        39.595692303491482     
  -35.648150728658472        41.525842139628359     
  -34.983776722118321        40.039388978299357     
  -37.205185682813614        42.433609283507828     
  -40.824026372643310        43.111215098707106     
  -38.824865842167512        45.094624725825184     
  -37.349958808554973        46.876406413707841     
  -35.620760092489000        50.552073663030264     
  -33.656092017325371        48.618050037047645     
  -31.723760691881374        47.566722025888801     
  -27.544323057576801        51.732883068107377     
  -31.345166850308161        52.128320619045233     
  -32.926128932789233        52.379073666999119     
  -33.661136362407525        54.103316661365611     
  -38.293246573319820        58.922528120536661     
  -40.277150103866937        57.694802567220499     
  -41.845850065473066        55.748315170528372     
  -43.839888370489334        57.560861969947631     
  -45.833006531359032        56.820370361738242     
  -40.833008560674806        51.852390147868789     
  -35.946998307026426        55.779246976044782     
  -34.690627092736740        56.196482940028837     
  -33.223320325624329        56.558662586487507     
  -28.280064711602598        61.066993299305970     
  -27.532446255815405        60.852926836910569     
  -29.517077381975671        60.588389316193179     
  -30.301900719765783        58.620375189083674     
  -28.741978290066356        59.547777584788143     
  -23.879228002711944        64.525558196915028     
  -24.922064233933639        64.786031686257161     
  -24.941954838156001        64.222932757301365     
  -25.754576864736592        62.581803494584484     
  -23.435443215466030        66.563487277719361     
  -23.025271003375799        67.169832916002790     
  -23.053391754643560        65.984277149755911     
  -23.036969964704209        64.146688250542510     
  -18.146784348596967        61.989448498535232     
  -22.195479965967422        64.891452363313405     
  -18.113102587986305        62.030298926696425     
  -20.110183925296905        63.760731675807477     
  -18.746750815609179        59.311108091518491     
  -20.123491588141640        59.572639694950681     
  -24.676464946666112        64.534529785222162     
  -20.036810308115847        69.533092303631321     
  -20.762268090892398        71.499768884277799     
  -20.308045028649751        75.867543121244864     
  -19.719661742744385        75.537283161819488     
  -23.985876916445687        79.518558883948714     
  -25.535254157902450        79.458359552094862     
  -20.580329038175279        76.504906302995252     
  -21.689207730069956        74.520564473730687     
  -22.804745353051388        72.615390112771280     
  -26.845369287916640        67.640702571261016     
  -24.866115885651617        68.128985864020066     
  -25.976815213192175        70.117864795044568     
  -29.069272058613663        65.393967611005010     
  -29.910459010583558        67.281084209891475     
  -31.241463427074482        67.637408149270300     
  -29.226404909298861        72.061138060051775     
  -24.294641351883111        70.309668236796540     
  -22.302023744192979        70.860097833966847     
  -23.672417677490458        75.695957468883279     
  -24.681682564681317        74.310958804086297     
  -19.884629772774293        72.309492784655106     
  -21.680600403480252        71.240674806996964     
  -25.965553441297349        76.225538215369156     
  -27.956645417733206        74.349951169429119     
  -32.859647860931737        69.412475920866882     
  -34.667067802012753        67.578803090904543     
  -31.041479604442394        72.548960868217847     
  -35.754188397716199        77.459372782244159     
  -40.178401348656863        73.631578417233655     
  -40.329539169972684        75.551271250962927     
  -42.716708506079947        76.460053180672489     
  -40.990916626078963        77.082172144599042     
  -40.697509159269053        77.464984000581353     
  -39.473660787967560        76.789262628656445     
  -36.085713989949937        81.762137534795997     
  -38.056391392983770        83.673402961714672     
  -36.835504925151014        83.189679683633983     
  -35.267457312801334        81.649093530793195     
  -35.327564381403675        82.172806951205658     
  -35.709979898558402        83.839388458079853     
  -35.140528845400482        84.180600243490929     
  -34.109881554430871        82.238750330071241     
  -32.684130349026908        82.581494575195038     
  -36.446120819747676        78.967655098116850     
  -35.351279101002959        76.741526944825040     
  -34.399925758810198        74.331973096097940     
  -32.720502156701151        72.652483553359517     
  -27.793381893695955        77.030256000549187     
  -26.178818615135029        76.190077612075683     
  -24.435389261771778        76.293053700993752     
  -22.518659460214931        74.863370118272186     
  -24.515143607343791        73.425538762142281     
  -24.972672157732209        68.659921965518407     
  -24.439121206250025        69.970048417660877     
  -23.571207263187429        71.328108246438120     
  -25.503808812154571        69.335710200750867     
  -30.378139414720991        74.079944600124733     
  -29.265155445013121        74.259698377185813     
  -28.325988026999976        74.296784248756069     
  -30.126105623112117        75.703102379294535     
  -28.664198836267765        78.387374159379661     
  -31.779235449266700        76.700590795657604     
  -35.036732193508193        80.464034258310633     
  -35.517787073825126        82.441063928760130     
  -35.972135251827339        81.279848159102940     
  -31.986250182443541        76.310969885398933     
  -31.506785607151834        77.091273872593817     
  -33.651423688218408        72.541617901712968     
  -35.626529406927148        73.429314611165225     
  -37.350959270673528        73.424490084642017     
  -36.389904098460335        72.803360341664842     
  -33.868224179563228        73.778198398691941     
  -28.877509804838301        75.987831966558915     
  -27.535207948490090        73.752412162004021     
  -25.849959111634931        76.771625688457831     
  -25.096854076740009        74.775243520725851     
  -26.782967451653438        75.817644929373557     
  -28.397537093018144        72.597562655332283     
  -28.471053941329142        72.646555945089034     
  -28.426582258860456        71.953203428841817     
  -26.938783848261565        70.075706395631201     
  -26.707350244083319        68.444628696704626     
  -25.554978538475741        64.090806612019747     
  -25.653486935118707        69.035090221783747     
  -25.385790051169273        68.119178381254315     
  -24.068595534190806        64.281453630793735     
  -26.690675595752808        68.622741753027199     
  -24.871537211746034        67.504349986526805     
  -22.871608021834842        69.434909221983375     
  -23.222682170760319        67.644931470042692     
  -21.481341451959622        71.207879387598368     
  -26.436613228760521        72.320054208613769     
  -21.646055687182269        68.357037952733279     
  -21.484158037424638        70.250730334235158     
  -21.415093836153016        71.565918900974481     
  -17.734526800184920        69.613992903583238     
  -18.003334481279651        70.462452859376597     
  -16.034826675284503        71.871680800348642     
  -15.882679511908245        73.403410236189544     
  -20.805126097959306        68.598578049496041     
  -15.896875542418652        65.044129601094454     
  -17.884594481509790        64.907404606417117     
  -18.751371415656845        67.093665066798607     
  -19.141233981276283        68.604007055523581     
  -17.145887143665128        66.726618459338525     
  -15.367490797085631        65.215689863011676     
  -11.612971450066626        62.170652048570474     
  -6.8721136931346756        60.557026767982734     
  -4.8815408429631715        58.626479201322333     
  -3.0277620556535583        60.382394562268217     
  -2.7221091074353914        58.479584882325419     
  -7.7167733582906095        54.822161492908890     
  -12.584646778780071        59.813417565333246     
  -8.6120491625057412        57.229623754747735     
  -7.4941204235716636        55.236364081860948     
  -8.0596473650206981        56.779207349229793     
  -10.004456930358394        58.116803987034729     
  -11.022672858694346        60.008839760312277     
  -6.0423475655945289        64.991438062491781     
  -6.0887070152939673        63.399596589176923     
  -8.0665981806416465        65.115335496805940     
  -11.549052688641805        69.741901187296861     
  -13.374496348597020        70.396545359098226     
  -15.344774407793498        72.191587402734072     
  -16.833201527228130        67.191587872743298     
  -18.905913993266608        72.112725681479660     
  -20.445560181908363        67.186274956001085     
  -21.463818761955181        69.128182523698300     
  -23.133381127711129        64.279311431045244     
  -22.700135681027408        65.887666581873958     
  -23.646141310122463        67.159307592802250     
  -21.933625829864138        72.090689697202961     
  -21.206334292798374        71.072418934575381     
  -19.207312368251220        72.314834015887755     
  -18.507038800196529        73.831047392880919     
  -14.260117816725508        72.541916398202019     
  -16.155121481488280        70.918668473276142     
  -14.027604556906669        75.567016760593134     
  -12.108470233971905        73.732041734861767     
  -8.7295421748501045        78.293273148908824     
  -13.567271858511656        79.217095833383027     
  -13.524480063319928        81.183530243448942     
  -15.303312612726078        82.837824679301107     
  -11.878391820956171        85.109054255942866     
  -13.640609188369384        86.927643256452953     
  -11.905686184580169        91.905326275182645     
  -10.354387094088644        93.853859711174991     
  -11.364300928850518        93.669837812282623     
  -13.351771825800068        94.391935552280643     
  -15.802901611330672        92.807679339725439     
  -10.835341198044691        95.158614340239339     
  -8.8556078545202279        93.309539260438157     
  -13.535279053129347        91.359630963110305     
  -14.299460293035162        86.888013160079140     
  -12.524669136418467        91.378184592625814     
  -7.6083051615435080        93.800870810646416     
  -7.9964244344000539        94.025067070623265     
  -6.1885233699162399        94.319278904907193     
  -6.9268498544522590        95.067589307635345     
  -11.710361833229857        95.633396676011358     
  -12.835003582027568        97.058678171014506     
  -13.359225990247758        95.060873481008812     
  -12.491026783956926        94.198012266133233     
  -14.552440178661035        96.785215363632815     
  -13.084775676291009        95.249699172112784     
  -12.737240391291225        94.630824938548002     
  -13.729298581062558        96.608833206093919     
  -12.421322317448626        95.810187758797525     
  -10.724391235451369        97.771897193327405     
  -8.0755659563098448        101.00301628856273     
  -3.1150312649276328        101.35475096620719     
  -7.9757158858093558        104.44807638247897     
  -2.9791239518728361        99.916123072842765     
  -6.7543701881255220        101.91271956035587     
  -8.7302803587832063        100.45249045160001     
  -11.364213883442746        96.611419322150269     
  -10.321177409778594        98.016094803278847     
  -15.311891461233786        102.63371569631323     
  -18.107620495110222        97.920613759148381     
  -18.289438726835499        96.685599456816234     
  -21.020090349282498        93.896466293550873     
  -19.020506478937850        95.870327662700021     
  -18.294237657080583        95.313491835928602     
  -19.153404725123433        93.314744233938939     
  -17.376043912792390        91.746514762603638     
  -19.247796587272990        87.321553181531741     
  -16.887356221478591        92.226346925573026     
  -16.591261524929987        94.885113694004872     
  -11.598642574275916        90.119591107532841     
  -12.368881588606909        89.444249120791483     
  -16.275265365719505        88.998565437065594     
  -14.602850808203396        87.770126954983098     
  -12.629259007304034        86.485890643618887     
  -9.6925246507061438        85.140860435869712     
  -14.131806560412759        85.371749127595947     
  -14.113818719066554        83.462366949546706     
  -15.460913035685969        83.561303759171821     
  -13.464328394827135        82.865008085133439     
  -16.654658626834514        79.637908753084361     
  -18.602542199672143        77.644382643871566     
  -16.671325535523064        78.770271649760190     
  -15.357426244239017        81.928610471843285     
  -15.874805629475414        83.632108126240908     
  -20.800829071699866        78.826898128873182     
  -16.056845188050620        77.283660211312593     
  -19.462145104080815        80.980146243032507     
  -18.821520324206791        79.519331344722787     
  -16.261470471922173        81.767984681085807     
  -14.261678423650949        80.691830212340122     
  -16.037032617046485        80.090908078003039     
  -20.939336794681317        77.479162657489653     
  -21.578308765600205        79.273377744546522     
  -18.524928620945126        74.681030279139335     
  -20.008901569378754        75.034898449125350     
  -18.947320721094638        76.872252017718552     
  -23.822097453520566        74.748506902212469     
  -23.704937566566560        72.749339071705222     
  -28.571066180338576        71.498037394668387     
  -30.503211665180956        70.191032517611831     
  -28.691573331750568        68.447111920439326     
  -31.962614113205682        65.703440909680324     
  -29.141229000750339        63.219723288682232     
  -27.554171494110658        64.756566467996038     
  -22.746630370211570        60.665789472078089     
  -24.814243845163048        59.599028496030698     
  -24.369480658634981        61.361007361605459     
  -19.459325849873487        56.434488501770204     
  -18.398315699841504        55.391500878263663     
  -17.808050303513415        55.385572000349839     
  -16.784193129209815        57.366474105479782     
  -19.684641634653584        52.747139599845980     
  -19.524414431396472        53.209225782741065     
  -21.143747871912478        52.431780577336873     
  -17.655882918282995        48.759155831658887     
  -19.850099663205565        47.578094971330309     
  -18.328583501194814        46.885596925547077     
  -18.322265099030616        48.826531783164739     
  -14.636543288132085        48.159820738221683     
  -16.351770076730830        45.622587830355542     
  -20.098441880428638        47.125487352666426     
  -20.464521004198204        47.239364517592023     
  -18.465245385299767        46.632702027480285     
  -14.503954318984027        51.456973529555668     
  -13.058110007673211        53.264247430733825     
  -13.710955608121440        55.121569961207534     
  -12.611759051308310        55.110376958381700     
  -11.683089645945170        54.800473882214078     
  -11.843480655274156        52.617910652811091     
  -8.2125592429412251        55.547118733033585     
  -7.6135489699939676        54.628993647490830     
  -8.1376603782591577        56.520126312588928     
  -6.2875070954425478        54.812811106115568     
  -5.8582424313236618        56.666269258091390     
  -5.3186050984956150        54.667096098232300     
  -4.7251382131964430        53.512860720596173     
  -2.9512579297862551E-002   48.519373449390713     
   1.4332921872153443        52.580945628816814     
   1.0794273511728396        53.807009315519075     
  -2.5145831720211009        58.420546239580439     
  -2.0376594870728111        60.418996556497781     
  -2.8581288599217221        56.681692452269104     
 -0.92546904977254130        58.592081058292024     
 -0.85823152759245103        60.119938788128962     
  -5.8101391814647467        64.443589178314681     
  -6.0402636298415295        66.551744975283086     
  -1.7968521562543112        71.259980522804000     
 -0.79612572781925750        72.116277422177404     
   3.4317129030859128        67.765822506962280     
   8.4074895698506040        72.383404388001907     
   6.9887231942719872        74.180033738337698     
   8.9642490396756447        75.717542684838847     
   9.0398273517256111        74.614107123915034     
   10.481062400209437        76.513943120350902     
   13.889249291883434        73.505634318816263     
   12.830384065153776        75.421489470984284     
   10.171336262012622        72.350006834442226     
   8.8238070672295734        72.545917939118794     
   4.0327869918285746        76.293198049564893     
   4.3203216391978243        74.293476704549775     
   6.1035355527520156        76.266073836515716     
   8.0590127871553694        74.470877630439077     
   12.615650980052230        71.254516690313253     
   9.8653385145095243        75.027889303959086     
   10.576240750530019        73.090076100722712     
   9.0710636320849787        71.091300548580890     
   7.3992272408470194        72.831663758127149     
   11.473147632729972        77.043351593173639     
   11.124576313359784        77.699561751727728     
   10.202570139593604        79.103643377156416     
   8.5034678699445756        79.638073233720348     
   11.977397049150703        84.489561708409752     
   7.2559800306698898        80.018023827562573     
   4.5639668020954360        84.432473392772096     
   6.5426045650076539        83.353526958568239     
   9.3686949210696753        78.374298546930504     
   8.7308789578855812        81.303533412445574     
   4.5712084389807366        79.024701881034702     
   4.2470534895538581        75.156428767450294     
   5.7207934062430512        73.696335630065690     
   5.0615378392807484        71.877582403944174     
   7.2841458722919157        74.364706503798416     
   8.6383445432541652        73.666581469262042     
   9.8342837727211307        74.276101492674556     
   7.8360722150137843        74.980832047042938     
   11.891029129912074        76.474925141825494     
   11.435343627517458        79.875458257269273     
   10.064936249605056        81.864023968886315     
   8.9405711105957657        79.984830650536068     
   10.265915835800072        81.262046707047887     
   8.8589952668558372        83.150899463899961     
   10.058180146684659        81.433011866556512     
   7.3318635759712212        86.416203815233857     
   10.733009956180943        81.428438394808325     
   9.5357584615941953        81.622609964022786     
   11.450605123465284        79.641291282949680     
   14.498683500920642        74.902877486101090     
   19.455234822190583        78.579847076362213     
   14.499504725356974        83.366390175941874     
   16.448435314430949        83.403440860137124     
   19.995842467676233        87.350172546193264     
   24.446239964014744        83.437896659722583     
   19.466211094736529        83.317141120331499     
   20.191323014459275        81.701943460833050     
   18.691267203590833        83.700498126899149     
   23.675789441099386        81.082670622750058     
   23.091654654491659        80.653690511470998     
   25.082729021344093        81.859535366857017     
   30.065653118780361        80.673293494712013     
   25.105076656258131        81.386690707739106     
   23.341543616256089        79.387393365235923     
   28.006254714060852        80.880091603353137     
   28.949011040239100        79.116415149987390     
   27.254949616391407        79.513111449621775     
   22.383321441257635        74.537642594972922     
   24.323705906643323        73.105573588041381     
   19.323737198889365        68.122767290587120     
   21.065170449904805        66.402372639909146     
   21.585192022380806        71.085920188608128     
   21.251664285414627        69.086809978979460     
   17.867621824607834        64.105507490648293     
   18.876721429204970        67.234924107965071     
   18.919571078319471        65.244582337371014     
   19.019607044426120        63.788122394391173     
   17.848342906665046        60.461078753439210     
   13.534049903105441        62.943782239668515     
   13.141470588118619        61.799635963618350     
   8.5235210026009742        56.911151683130676     
   13.284629190723461        56.963109220398394     
   13.825990402831016        54.981738942288544     
   18.792022815918660        55.967675541163757     
   15.367088389662541        59.056513151574620     
   13.502714887944160        58.590457168660109     
   12.086464596971323        53.616986986472121     
   9.0954103240582285        57.055968441783662     
   8.6464123271388260        55.364218195107362     
   13.643619472312123        53.777289988681012     
   11.730404370952083        52.937151670548872     
   9.9271296086437744        50.970795836108159     
   10.057482502737839        52.870575077898117     
   10.222579838974138        54.645720025604660     
   6.8905886599496382        52.451228961497733     
   8.8891895823802294        54.289551399137260     
   12.621633273436496        54.331443605317986     
   14.016758278142667        52.585029401411909     
   9.8539785586260020        47.859964161232398     
   6.7784586938177700        52.498568818993348     
   4.8764700510040644        55.905832415912542     
   6.1413109368411609        57.104694850510711     
   7.4467936337453260        55.104744741102060     
   8.8099212459610037        56.702031959570057     
   9.0357512558934463        54.961797390354590     
   4.1866254898248272        51.988459820492480     
   4.4247994579104288        53.577854388641562     
   8.7040659955808160        52.777036314758845     
   7.6616560702744874        54.776885680672130     
   9.5341748226496641        56.550596818209534     
   7.2771234553022559        61.246678913140975     
   6.0960322402205227        63.390747100404468     
   2.1820386556069300        68.207782998435022     
   6.8678223003079513        68.579165279053811     
   7.1553750152180777        67.979225728232279     
   6.2958749128414464        69.120497480876651     
   8.2363381882783138        68.711223897094129     
   7.9982333408208444        67.289028695054611     
   5.8459033377567016        65.263894428575455     
   3.8788563528381328        65.538922903450583     
   1.9051376525744896        63.665291881848738     
   5.5375990060974507        68.419698204165314     
   2.9853753027923098        65.638180229619579     
   2.8047820891353057        66.286694191867440     
   2.8940999616460110        69.838575099658954     
  0.39591939672466125        74.778280827728096     
  0.86407324752125292        74.988406754601527     
  -3.7155050994503114E-002   72.990061546625910     
  -3.7458805110048790        70.254244149057385     
  -8.1999560921298151        66.080259634007362     
  -10.181067346042832        65.880959326712656     
  -10.579038214101537        67.880551093707396     
  -11.028934244442883        72.666271673293224     
  -14.866477362276347        76.809083344019612     
  -13.105891637247193        78.293985542655378     
  -18.022976397521550        80.549391877324751     
  -19.085546121393421        80.407012203130037     
  -24.077785503820806        85.395359135901273     
  -25.091136015400313        84.392385970859451     
  -29.841194369624759        84.297386675046440     
  -31.474080055569154        84.151673918596771     
  -29.820916126356291        83.253786646419442     
  -31.252084225177235        81.255556755849071     
  -27.784719233819533        85.226630427279716     
  -32.472030948602658        85.717712915906958     
  -31.714979740585242        87.298877208460055     
  -30.547643081845536        85.417025029298102     
  -25.738642901335705        80.564295775698085     
  -20.891219592477629        76.828795553001783     
  -22.549717392683931        81.653749975956416     
  -20.755770063978634        85.078535951063799     
  -22.256675563606692        85.557074928955032     
  -22.179313912123337        87.927870907655659     
  -23.692683482026744        85.983857295740663     
  -26.394502188175473        84.611547670632476     
  -29.870925156837810        80.616621010745220     
  -30.524633276160731        79.152703168103258     
  -25.567245234623311        77.244025831487463     
  -28.014671758606735        81.995595411720416     
  -29.591116911436593        83.061821387046834     
  -30.761676017241975        86.954806740377137     
  -32.223791165005416        85.125241312324775     
  -35.906736844264131        87.206390583362008     
  -37.414291166753543        86.785291957434950     
  -37.859897021528404        82.420032970708377     
  -35.863856632078267        82.112610963098234     
  -37.831110611307906        81.885337050754956     
  -42.026012764672203        78.166302147997087     
  -44.024557543877798        78.219642340151708     
  -42.525718883233303        77.638361808955679     
  -41.424430784936035        79.413558925309829     
  -39.436275349203996        78.226134414940972     
  -38.603719676020134        79.654579836022364     
  -33.659163465131606        78.208478045394045     
  -33.500260176307179        78.271429470851444     
  -36.752152900462981        77.973630808775056     
  -31.775738919027908        75.225097830098562     
  -36.635519857744399        79.424271244076095     
  -37.313165701344680        78.098134402588784     
  -39.255076307772384        78.816577187701597     
  -40.408651848946128        79.790018862766004     
  -41.058833204195089        79.523608129077431     
  -39.335339655349657        77.820584312799653     
  -40.184846435271893        78.372285670916497     
  -42.170208783516664        79.754046880681827     
  -37.211657245318662        82.675021354371140     
  -38.156644570340220        83.368853242132460     
  -42.713406204136220        88.232044394076254     
  -41.418516975555562        88.225708765406409     
  -36.443530861821991        84.479941450686553     
  -36.103664472533445        84.437553789309135     
  -39.881251403287180        83.291444256476723     
  -37.933203584715969        84.278239369177925     
  -33.747460763516955        87.440879893324265     
  -31.764510851671567        89.242670597015746     
  -33.441432629135065        87.550352732833332     
  -31.443454507512723        86.978027911753173     
  -31.198684390182045        88.840884265939223     
  -30.469066239303768        86.848986207091315     
  -35.167490909525135        83.583193000820927     
  -31.457312266855254        79.271795916119999     
  -31.406863019602977        75.261315626134078     
  -30.936084196065767        74.754907159346260     
  -35.433828118124254        75.325588699653366     
  -36.888250500615044        76.253936094651237     
  -37.509175301173144        75.187357326935143     
  -37.196728252455387        75.680519689745111     
  -37.942146986508405        74.395275555377964     
  -34.601469118387790        70.286121290420539     
  -35.125852223867447        68.572282178084450     
  -33.483610379509400        68.316968505344320     
  -35.373271625697015        66.380344173607725     
  -37.060211107911080        64.656677491714049     
  -38.990061581416285        65.819514563271895     
  -36.339613413318766        60.819878705187520     
  -38.052409643117194        64.805362678811250     
  -36.919865899003817        63.847966417174305     
  -37.991971692125595        65.508500438974352     
  -33.015831539297039        67.031330529973985     
  -29.562739386544333        62.989752459873266     
  -28.341138368334988        64.471214574768595     
  -28.541558156710522        60.277095934996396     
  -30.226802424312066        58.001840757184688     
  -28.260740074324847        62.494710048098995     
  -28.116643109507603        61.494512860992678     
  -33.105437480577365        61.578755905800804     
  -31.798445632036852        63.723876198873036     
  -33.527899430812852        64.675532961010788     
  -29.616942647262746        69.114312040015321     
  -26.130235723710172        65.381497345971624     
  -25.342685661489782        63.383525608314464     
  -22.948970294597562        68.316974122814415     
  -26.202626362452524        72.822651081982201     
  -22.304031310885289        68.694205933743845     
  -21.558217363594949        69.325748933008072     
  -20.285467218173249        70.291792769701672     
  -19.734014850898475        68.641886759544960     
  -23.007068228309379        70.486620343363299     
  -24.137794879886243        68.853157486597397     
  -25.949248035577103        68.866977234562754     
  -27.691368857044360        67.610033840588841     
  -31.798918513852819        65.622138161004770     
  -33.698992156979784        68.902902833786655     
  -35.481389686621675        70.893920809263818     
  -32.970854767101201        65.918056594436962     
  -30.970855702629791        67.768725974045083     
  -32.499185823414138        72.622128150125633     
  -32.471433216133171        72.485673427566240     
  -34.850020202028404        76.709667538893399     
  -35.105286178371614        78.708210340201859     
  -33.424714693321441        76.715790750123006     
  -38.225615457056470        81.545366958870105     
  -37.800891035075260        82.415117966492843     
  -35.839840208762006        83.041003317467215     
  -31.591546916929243        84.431002024810894     
  -29.591591465998622        83.112561419288809     
  -31.568408255134127        83.321487492027998     
  -29.693318950881594        84.066372298634107     
  -25.113559338344839        88.997522910573394     
  -23.699819467835898        89.421206573185216     
  -21.807956006143399        91.278918152574903     
  -17.858729126034707        91.889449053215486     
  -19.627587602475838        92.667625673795996     
  -23.736579828892680        97.550733266683693     
  -24.294600384246859        98.529276358999923     
  -19.344140083408185        103.38736985537260     
  -14.433600052390222        98.402136984479085     
  -16.067246233169030        100.30452068329519     
  -16.573682503114824        99.457789286453774     
  -13.697584096452340        95.374450123588588     
  -17.809266531309476        98.364201825454884     
  -19.041043748142144        96.374678701979320     
  -23.974215309530798        100.27354776322639     
  -21.725335660250511        98.634206769307639     
  -26.340016632446321        103.35557771706701     
  -30.425629561209593        101.05733939164496     
  -31.354515258968323        101.42467005375676     
  -31.580701837154916        100.36284276189993     
  -33.480264288210023        102.34649246420435     
  -31.720240132561585        100.36757304566271     
  -33.117015449418133        101.13844243182356     
  -37.513099778879038        106.08670213480124     
  -40.766811358898089        102.48748368465564     
  -45.211517092479987        107.16919197284768     
  -46.846990585893010        112.08572049192743     
  -43.757159813172194        116.21389051489423     
  -45.358538479846921        117.31260765880893     
  -46.995098426166109        117.97896257468403     
  -46.590332782211028        119.44713595983099     
  -45.511683144546694        121.37360484432644     
  -50.151627136003590        125.06246870165876     
  -53.051707656203021        121.13479988662442     
  -55.018284682846016        122.99450588949270     
  -59.641799758890315        119.35626745533698     
  -58.969041004708792        121.35370137027259     
  -57.163356998467584        121.83468197798477     
  -59.133066831220255        121.04916579169516     
  -63.735712509891172        118.73261309952943     
  -65.973428539396537        123.43335998366712     
  -63.399318119120039        128.23589696604722     
  -64.733527541630039        129.49801673065815     
  -65.262703496416322        131.22272561247917     
  -66.875091686558250        133.20470098593793     
  -62.223854341679981        131.82740907030379     
  -63.795035122205029        133.75399981945853     
  -59.273356739828770        131.21616407734859     
  -57.547828510168252        132.46771679955708     
  -55.551524174974340        130.96727142983315     
  -57.237926654450355        132.82797750329988     
  -57.320754515339274        132.53067628205017     
  -59.318950348910150        132.79211446483430     
  -54.391335142614665        129.85752209466597     
  -54.900920061902220        125.09102290078324     
  -58.903737368564755        120.10919550028251     
  -56.903759144333002        121.10674158668587     
  -55.145639371951283        122.51366838421771     
  -53.165159359367244        124.50218188857596     
  -54.933660957061448        126.20506381316888     
  -56.846423760335789        125.71229476459888     
  -52.042241830320414        129.47696580479578     
  -50.103302299483602        128.80020434587536     
  -51.972008684591650        129.84393949398165     
  -51.491310968284388        132.36689434073452     
  -49.805854088907523        133.64051059199758     
  -47.805988626588288        131.75072461251125     
  -43.638621448641814        126.75077355484760     
  -44.140846394983129        127.55637713271777     
  -42.018605302997990        124.22585976115946     
  -42.229533297594358        123.61256522236512     
  -44.677284099412717        128.39083982914934     
  -43.464918356911369        126.39084337094235     
  -42.949382094020905        124.16595727805611     
  -46.604784920833900        127.47193555095410     
  -47.333730322241777        122.52944348725262     
  -45.391262241755982        122.37675592615356     
  -43.490623653254374        120.48168632475526     
  -38.575972715460935        122.89266754258145     
  -39.115092353242929        121.03077525289007     
  -38.871233344917350        119.07726473308247     
  -41.241982380337156        124.06105055362924     
  -42.071415563552982        122.36916664595431     
  -43.952569055810905        120.61209445178812     
  -39.966504618196893        118.20580753152790     
  -41.896196391471960        116.90111925702331     
  -37.264698686686188        118.28639462569589     
  -39.228053025411583        119.73913499630140     
  -38.356456631668266        117.85703120388703     
  -33.537346529705978        116.37795104468960     
  -29.373950616534273        112.85497900345608     
  -28.457469264447905        114.58621002359870     
  -25.574696128988489        115.00981019523014     
  -22.845891381337182        112.86155759247418     
  -23.726129530057385        111.33559952268847     
  -20.754306517827278        108.02462441012597     
  -25.696055492715089        110.19261358007431     
  -27.656302470563777        108.19310194754493     
  -29.604589178760197        109.12716840674837     
  -30.981271356067637        107.12935771292595     
  -30.076418331171720        105.61603573245559     
  -33.811663155319351        101.93637583727178     
  -38.766999633588142        97.290563720243398     
  -40.038122925390070        97.047428513079510     
  -44.938931453723555        92.196998986058901     
  -48.379441272620824        89.184932675058576     
  -44.138028187249866        86.048559196714564     
  -49.050339099191504        83.129884284185508     
  -45.945216858979585        78.253180803728512     
  -46.115887503832845        77.397033191995973     
  -47.368615984049733        75.526429754856665     
  -52.356762040122760        77.472761373252965     
  -47.527709526278471        74.867112769822668     
  -42.714092866562837        74.753383192530748     
  -41.278142210229696        73.947351182616245     
  -44.806796638008841        75.863122203085041     
  -46.680145257516585        77.693223695153435     
  -44.951767218437155        78.807554821648367     
  -47.412827443192342        78.960898302553602     
  -43.562616563180065        74.244459314020602     
  -44.483932374742807        76.152874488559675     
  -43.407560778763447        77.282428548836037     
  -44.080037780461510        78.918869586562110     
  -40.047548176658736        74.034810674759044     
  -44.905303207544343        77.191657725030424     
  -48.902497627031039        81.526209483220015     
  -45.854295406140238        84.418171300890975     
  -49.984529964260318        88.027539695992672     
  -50.416391538463365        83.512371749126856     
  -45.824101199570698        79.656652225829873     
  -47.808927010243707        80.743464844535595     
  -47.951372298304157        78.859775923449476     
  -45.054284839703485        74.519347969431266     
  -43.081548473982629        75.957130540318531     
  -47.609551888736675        80.370629489973055     
  -49.201153106961478        82.357744701639845     
  -46.110939750456652        77.883769155874432     
  -46.836121254788360        73.423054386399556     
  -45.739880891917409        75.258967837777490     
  -43.893954370983323        77.243493422504073     
  -44.212224313887525        79.174810852488577     
  -46.022367112739083        79.479086372932997     
  -47.978235028166708        79.289970327837239     
  -47.714695437035246        80.074392224330310     
  -49.150180002617034        75.222899364847279     
  -49.970819970558992        76.512457296313642     
  -51.470766255559070        77.964697084375345     
  -52.416173175737164        75.970994392360623     
  -54.873293973760170        71.363288537189788     
  -53.366401444208883        70.245904709218962     
  -56.945455286628636        70.551867989098582     
  -58.324959767617713        70.174294338668787     
  -60.694249806060540        71.364316626154306     
  -60.337896987927842        69.775156499204002     
  -62.256309448505341        71.088065616694649     
  -57.721892970373908        67.339403809412786     
  -52.897491377055246        70.787373084915330     
  -52.992127532983851        72.776645067772762     
  -54.896140472044600        70.779864338198450     
  -53.752385233694859        67.492861577504968     
  -54.622215877202976        69.492158947848452     
  -52.584139937772861        74.274003749458416     
  -53.535856483586663        72.731621178082648     
  -54.317962414331419        77.721746882932493     
  -53.585272397510458        82.048062543505395     
  -50.216702303578998        78.377889541822569     
  -54.894233421114627        79.581512871128325     
  -53.035796128714317        77.607732615005816     
  -54.268105437804834        78.770051093677225     
  -56.264992434910241        80.672204771073211     
  -58.018489601413769        79.129450145605517     
  -58.081713474891238        81.817881785588710     
  -54.101624453530334        78.233926464566906     
  -54.741969559794676        76.821953261453842     
  -55.994981574808776        74.900795554929431     
  -54.043805445185214        75.889700930584439     
  -56.043792420979138        76.675989666641527     
  -51.043890348836854        72.369984362897114     
  -49.484643618789697        67.425902447092554     
  -53.229851825124172        71.844764472067538     
  -51.686300530810996        70.444464424101042     
  -55.108098759409962        65.626813756280356     
  -53.189053699478237        65.273895102138695     
  -49.105685750657003        61.712710025507597     
  -51.015847783078591        62.390869203781875     
  -52.967577992038713        64.162749910176856     
  -54.783234878614657        65.571420702115816     
  -53.777048642561326        63.571444225969799     
  -57.961616002423526        67.092134941796232     
  -56.470555846348937        68.630021496065282     
  -55.754677196169155        68.669683437137010     
  -60.132698850690879        66.360721568246475     
  -64.540581252175912        62.042382346707598     
  -63.269772005422993        63.206100627600392     
  -58.285305433271986        66.974311426682476     
  -56.491321200432104        68.560454111023489     
  -54.648520575982900        66.618291860881712     
  -56.643145760593008        68.283514295565894     
  -52.316632904694259        65.572256146501104     
  -54.004372013478680        63.759318206694225     
  -57.071854975295196        68.720292635068674     
  -53.745406396699352        67.271955009937059     
  -55.298726343472154        66.527388595788537     
  -56.398786076930804        67.106670522072790     
  -54.679566233636713        65.923012296469892     
  -52.696221552288279        64.282621888575605     
  -52.732405539189386        63.127866378037481     
  -57.124764215797441        58.513724305245738     
  -58.596535861489166        59.023341951501195     
